-0.057774520429305545
-0.0639836679995736
-0.06404319060493945
-0.06714149885266654
-0.05935970139325894
-0.048554782135007406
-0.03967025009198005
-0.03712644190476629
-0.04686308703513619
-0.04388382399814077
-0.04803474253023218
-0.03982375575844985
-0.051925641259935984
-0.049453886752901924
-0.04614255023333919
-0.04191331248366115
-0.033567616657629806
-0.028407946603022594
-0.023075974269724794
-0.038226043719682586
-0.034400933132751554
-0.0313433508781695
-0.020416253640482822
-0.015807950877685488
-0.003467974954735996
0.00047304807422324783
-0.00991834571517088
-0.004990500544620091
-0.005451017544029478
0.00012844351684207392
0.005319441258483939
0.010090647993861467
0.006870161766699222
0.005657780278458183
-0.011340622706544087
-0.0019955736641073434
0.029097155717784942
0.05640863327459471
0.06598863996979135
0.044795459690849145
0.02346443758895448
0.011766679250215357
0.028749418391700303
0.048291629563916326
0.06688774458768586
0.06879560072809618
0.05164682484532758
0.03222992442125016
0.03562897846450992
0.04982042069120735
0.0700988325087377
0.08353214470919657
0.0903647132514542
0.07886745210973685
0.0766745140173112
0.07716009316634831
0.08142379137176448
0.10027366066051469
0.09596610369325001
0.09898295995468702
0.09262030671794916
0.09594730708102922
0.08794308304367558
0.09737584960980936
0.10849404573840742
0.10793641290919061
0.10752915297774013
0.10359752825489128
0.09822482992844843
0.09389221081155603
0.0976327366434935
0.10645774608115502
0.10090334716991119
0.09899235826079741
0.09528629288459806
0.09286152990811598
0.09073124718975963
0.08960345045651215
0.0914267218419289
0.09282706945237786
0.10088768332639386
0.09608828167268516
0.0820158846567194
0.053554680985737894
0.03496483149937529
0.042095013068462125
0.05446631667844627
0.06410897874771221
0.06708510901600417
0.049626189031592514
0.03823544202579298
0.030287607825101724
0.03463902355421491
0.03821664541357219
0.04728914357880746
0.04369272510722939
0.042862541400811104
0.040945286954290394
0.04143713164073443
0.03610515930743663
0.034491783425152044
0.03255573236641054
0.027828384392881527
0.042464679775471026
0.05862663351664808
0.05960405735212923
0.050985810648896415
0.03771853518972122
0.027377265699582536
0.012368170841280678
0.0219763724548085
0.036537481388514835
0.040992278484842375
0.03661893337480493
0.025106008389570254
0.009429633797430306
-0.0031703619279068
0.004915314095736927
0.020688804517684296
0.032173534584587785
0.031562644687412066
0.018483335350444784
0.009251065981332787
0.0027380398468286
0.00036966670700889565
0.006093235128239848
0.009200941682077343
0.006873294535402688
-0.005284980802745822
-0.0053382378707047306
-0.006754249324671009
2.506214962772174e-05
0.0024122319016682174
0.0005513672918098783
0.004298158661154279
0.002409099132964752
0.004623966606314661
0.007891444364028883
0.003082644404209774
-0.006321927243592809
-0.02024081859308877
-0.032449218230492724
-0.038423408148000895
-0.0437459821751883
-0.03866149856946425
-0.049717039323993004
-0.04131495366129929
-0.04035632643803893
-0.027605957814935498
-0.038135193427282096
-0.05654334232884371
-0.053620469128510664
-0.049052892358858374
-0.029125350636116126
-0.024529578948132652
-0.03361147541947832
-0.053626734665917594
-0.06729187175043287
-0.07127675354124063
-0.06534015684817404
-0.049309779392542524
-0.044482182820502626
-0.04860490643426285
-0.0552025173237606
-0.0709634766708941
-0.07454736406765831
-0.07274915483186928
-0.055500130350589795
-0.05078531345187464
-0.048824200243505415
-0.05702578870917736
-0.06585079814683888
-0.06265850683800782
-0.05243941532730428
-0.043818035855368
-0.03788143916230141
-0.03604250393336733
-0.04182559495996412
-0.04861117197166978
-0.042837479251183384
-0.028805808228362675
-0.02427582468315197
-0.02098955031321696
-0.028971844969646332
-0.03128382827280366
-0.031020675701712585
-0.022496412059583727
-0.01266891663681334
-0.014138185158738527
-0.014717747368879592
-0.01670392272687654
-0.015676374592139948
-0.01524405251106175
-0.017343007542383444
-0.008953452954503591
-0.015068617463667696
-0.023367321759147058
-0.01970511514479622
-0.01640944246875081
-0.0152033265179167
-0.011794874168546543
-0.01302918503771184
-0.024457525267952952
-0.0241379828601995
-0.024811528131444525
-0.020513369470290244
-0.015394425408828079
-0.0072554923172254435
-0.007421529058509101
-0.009764840048701083
-0.01353356079896974
-0.01930412075075267
-0.019971400484590764
-0.022076621053319388
-0.016581744747441396
-0.013975281186158336
-0.009323119661512487
-0.01057935991160204
-0.016844897318532476
-0.022571598508466892
-0.029836489131802733
-0.025538330470648452
-0.02818552002507656
-0.022634253882536197
-0.017446388909597797
-0.019266527526311087
-0.01303545057511877
-0.005676576890678974
0.004774339504080991
0.011356286550061413
0.014498453559637027
0.013605614479149439
0.005093881911834444
0.007039331276686344
0.013007255656787583
0.021587909135578814
0.02146573115614367
0.01954534394091949
0.0131858234728851
0.008799947288033795
0.014843058117018202
0.03293166461082637
0.05376770925757353
0.06691280673731358
0.07137073660234458
0.0671007728595215
0.06202255479120438
0.06053762242576186
0.051878649729384003
0.057931158864478804
0.055481333738369006
0.050728923615212265
0.04594518580502088
0.046274126518884726
0.05165935592014144
0.05841673801351591
0.06552185743297502
0.07424661827212566
0.07847272325310023
0.07841633341643786
0.07900842670139278
0.07040271107297383
0.06113911401682719
0.046991530551978265
0.038495461828180595
0.026869757169621172
0.020153101069391745
0.012114416576299997
0.004630232143721592
0.004912181327033461
0.004210441137457253
0.003571356321950348
0.008803080056737262
0.013264142690471731
0.021083533374320913
0.0171487758827686
0.013214018391216288
0.01711744819573395
0.017198900182024045
0.01900337495522001
0.012953998588828675
0.0190315698735512
0.009157082920228831
0.0025281443436964307
0.005040624843875535
0.003944155797662709
0.0018420679976375478
-0.0008709096995633304
0.002415364670371683
0.0032424156080865002
0.012255391167955931
0.00633445831840667
0.01610869667321815
0.0031734946966102654
0.008624512240639743
-0.008304969832886292
0.005050023149985931
0.009962204477019392
0.03648735708925939
0.04415010933793531
0.029256926921661666
0.026434302319839505
0.0038219778182275654
0.018542857955810624
0.01604917406785231
0.03190724924479324
0.034275622384612944
0.028288901392290913
0.014285425287801391
-0.0030356528736577956
0.0036152150837988613
0.012484083283308892
0.014272894212987532
0.036806899497012845
0.02623380512281773
0.03942589413310976
0.025190593144563813
0.028971844969646332
0.01828283815342301
0.02382470598985298
0.02770307364474292
0.0296140625538567
0.033790043235575835
0.030798249123766552
0.019824160355527896
0.009827495422770387
0.01733987477367998
0.020742061585643207
0.027631019964563217
0.026531418149646928
0.023351657915629733
0.02079845142230558
0.015692038435657276
0.013069911030856888
0.007994825731243235
0.010735998346775301
0.002171008711501396
0.001497463440256374
-8.458475499356088e-05
0.004182246219126065
0.007164642024824953
0.004072599314504783
0.008085676023643726
0.007700345473117505
0.007653353942565526
0.004968571163695835
0.0011246639645440132
-0.004705418592604757
-0.007581300262385827
-0.005707904577713627
-0.008969116798020918
-0.010372597177173336
-0.010829981407879257
-0.020106109538839765
-0.02332659576600201
-0.02961719532256017
-0.026675525510006327
-0.02474260721996829
-0.0198868157295972
-0.005485477999767596
0.01106493906063915
0.03486458290086441
0.05204155370196419
0.06887705271438627
0.07507680197854394
0.07008316866522038
0.07555611559017411
0.08508286521741185
0.1010192596119394
0.09668037495764008
0.08490116463261087
0.0669660638052725
0.05486417830378636
0.040184024159348346
0.05631151744478729
0.06026820431726385
0.08248893273094264
0.07320967183127867
0.0655061935894577
0.05569436201020464
0.05270570066709882
0.05001778511952566
0.05593558520037146
0.06432827255695478
0.06627372192180668
0.051195706152028585
0.045005355193981314
0.03194170970053136
0.020453846864924404
0.02185419447537336
0.03438526928923423
0.052846675258754756
0.051267759832208284
0.05057541794874247
0.02441993204351137
0.013994077798379127
0.007180305868342279
0.011907653841871292
0.01489631518497711
0.013019786731601445
0.007205368017970001
0.0004511186932989913
-0.00914455184541497
-0.016071103448776568
-0.00964892760667287
-0.010206560435889678
-0.017161306957582462
-0.025666773987490527
-0.033824503691313956
-0.03728308033993955
-0.023257674854525776
-0.01331113422102371
-0.012678314942923735
-0.024432463118325233
-0.030143500464742325
-0.031033206776526445
-0.03329506578042833
-0.02146573115614367
-0.006036845291577474
0.001481799596739048
-0.00994967340220553
-0.020131171688467488
-0.027928632991392414
-0.015964589312858747
-0.007712876547931366
0.008649574390267466
0.014012874410599918
0.010855043557506978
-0.003909695341924591
-0.01935737781871158
-0.01684803008723594
-0.017900640371600253
-0.013787315063950423
-0.012762899697917296
-0.012772298004027693
-0.02157224529206149
-0.03133708534076257
-0.04148099040258295
-0.04790629901339011
-0.05140246888645729
-0.05416243811421015
-0.0657317529361072
-0.06806566562018879
-0.07396780185751725
-0.07318460968165094
-0.0676772023009591
-0.06737332373672297
-0.05629272083256649
-0.05162802823310678
-0.052997048156521086
-0.055932452431667994
-0.0497264376301034
-0.03853618782132564
-0.03579188243709011
-0.02852699181375427
-0.027706206413446385
-0.04045657503654982
-0.049428824603274205
-0.05875820980219362
-0.05804393853780355
-0.06543727267798147
-0.059218726801603006
-0.05581027445223285
-0.06324120181685235
-0.0639836679995736
-0.06807506392629918
-0.05676263613808628
-0.048908784998498975
-0.03892465114055533
-0.03159397237444672
-0.02826070647395973
-0.030541362090082406
-0.027443053842355306
-0.02146573115614367
-0.020682538980277367
-0.016531620448185954
-0.010526102843643132
-0.006575681508573491
0.0023965680581508916
0.01021909151070354
0.012527942045157406
0.012123814882410391
0.005212927122566122
0.011873193386133175
0.015294176810317191
0.02489298011773462
0.018220182779353705
-0.002290053922233074
-0.01720203295072751
-0.01561685198677411
0.0036778704578681654
0.030024455254010644
0.04032499875100428
0.03165349497981256
-0.000604624359768787
-0.014135052390035062
-0.01561058644936718
0.006785577011705661
0.02374012123485942
0.03134961641557643
0.022646784957350057
0.0029792630369954217
-0.004013076709138944
-0.0041728479130156695
0.007976029119022444
0.011823069086877731
0.007026800201872483
-2.8194918331186958e-05
-0.012233461787031675
-0.010068718612937209
0.009304323049291695
0.033448571446898126
0.0432416064139304
0.046675120912928275
0.04096095079780772
0.034335144989978784
0.03533763097508765
0.03533763097508765
0.036274328817423755
0.04041584904340477
0.0282450426304424
0.02035986380382045
0.009758574511294152
0.014285425287801391
0.019332315669083857
0.017104917120920087
0.022496412059583727
0.01697960637278148
0.015632515830291436
0.014761606130728105
0.01618701589080478
0.013430179431755387
0.012499747126826218
0.018251510466388357
0.026813367332958797
0.03534702928119805
0.02973937330199531
0.028611576568747833
0.022916203065848066
0.02823877709303547
0.03679123565349551
0.032264384876988274
0.030766921436731903
0.022734502481047084
0.023185621174346076
0.01747771659663245
0.011459667917275766
0.010303676265697101
0.00906623262782834
-0.0027662347651597873
-0.0015162600524771654
-0.0050531559186893955
-0.003715463682309748
-0.006061907441205196
-0.008355094132141735
-0.00590213623732847
-0.006472300141359139
-0.007481051663874939
-0.013696464771549932
-0.013940820730420219
-0.011807405243360405
-0.01858358394895567
-0.01201416797778911
-0.015385027102717684
-0.024338480057221275
-0.022026496754063946
-0.02259352788939115
-0.029501282880531953
-0.025911129946360814
-0.01058562544900897
-0.015710835047878065
-0.022483880984769868
-0.026543949224460787
-0.030738726518400716
-0.03531883436286686
-0.03944469074533055
-0.04835428493798563
-0.04488630998324964
-0.03750863968658905
-0.03747104646214747
-0.03593598979744951
-0.04639003896091294
-0.045143197016933784
-0.0486550307335183
-0.03908755511313552
-0.02934151167665523
-0.019034702642254663
-0.02264991772605352
-0.03519352361472825
-0.05037805352042416
-0.04467641448011747
-0.04752410123156735
-0.035340763743791116
-0.03999605803714043
-0.038395213229669704
-0.04802534422412179
-0.05399326860422302
-0.04995512974545636
-0.039190936480349874
-0.027277017101071648
-0.026697454890930585
-0.01968945130127889
-0.03269044142065954
-0.03558825247136487
-0.03428502069072334
-0.03325433978728328
-0.031124057068926937
-0.023821573221149514
-0.027211228958298878
-0.03239909393123728
-0.04696020286494361
-0.051129918009255815
-0.05607969256073086
-0.054980090745814565
-0.05609222363554472
-0.047029123776419844
-0.03854245335873257
-0.04002425295547162
-0.045315499295624374
-0.04382743416147839
-0.038226043719682586
-0.03457323541144214
-0.026822765639069192
-0.020397457028262032
-0.020682538980277367
-0.027082785441456807
-0.027900438073061227
-0.026271398347259313
-0.02159104190428228
-0.020178163219019465
-0.022631121113832732
-0.031293226578914056
-0.028567717806899318
-0.021919982618146126
-0.013054247187339562
-0.011704023876146052
-0.011760413712808426
-0.0186619031665423
-0.023627341561534673
-0.021829132325745636
-0.012838086146800461
-0.0017292883243128002
-0.0018671301472652697
-0.007296218310370492
-0.010385128251987195
-0.007938435894580861
-0.01223659455573514
-0.0025814014116553393
-8.458475499356088e-05
0.0075656364188685
0.0027912969147875087
-0.00023809042146335653
-0.0015131272837737
-0.0010776724339920348
0.0025876669490622695
0.009727246824259501
0.011033611373604497
0.009611334382231287
0.01049477515660848
0.008881399274323892
-0.0009022373865979826
0.006202882032861131
0.011350021012654483
0.017769064086054713
0.013671402621922209
0.0024968166566617786
-0.0006108898971757174
0.0008615113934529349
0.004006811171732013
0.002678517241462761
0.006193483726750735
-0.0013188956241588566
-0.01308870764307768
-0.012825555071986601
-0.01511874176292314
-0.014984032708674136
-0.0120329645900099
-0.010006063238867905
-0.011879458923540104
-0.00886886819951003
-0.009157082920228831
-0.018110535874732422
-0.0222645871755273
-0.016982739141484945
-0.008743557451371422
0.0023119833031573305
-0.0012468419439791566
-0.0009868221415915434
-0.014163247308366248
-0.009238534906518927
-0.004721082436122083
-0.0020864239565078348
0.0020864239565078348
0.0020237685824385306
-0.0015820481952499349
-0.011039876911011427
-0.011945247066312874
-0.02085797402767142
-0.019272793063718017
-0.01782545392271709
-0.017925702521227976
-0.022931866909365394
-0.021659962815758514
-0.022480748216066403
-0.0197427083692378
-0.016556682597813673
-0.010134506755709979
-0.014642560919996427
-0.015381894334014217
-0.018104270337325493
-0.015187662674399374
-0.01561685198677411
-0.018549123493217554
-0.015673241823436483
-0.017321078161459186
-0.01640944246875081
-0.017133112039251275
-0.012064292277044553
-0.012988459044566792
-0.009971602783129788
-0.01604290853044538
-0.008743557451371422
-0.008558724097866975
-0.007994825731243235
-0.013558622948597462
-0.02296006182769658
-0.020607352531394202
-0.021067869530803588
-0.016334256019867644
-0.014949572252936019
-0.017631222263102243
-0.027298946481995906
-0.04067900161449585
-0.03713897297958015
-0.030124703852521532
-0.026001980238761307
-0.023104169188055978
-0.024902378423845014
-0.029338378907951764
-0.034316348377757995
-0.030409785804536866
-0.01707045666518197
-0.01572963166009886
-0.010288012422179775
-0.01792883528993144
-0.02378397999670793
-0.022045293366284736
-0.020309739504565005
-0.011512924985234674
-0.0108801057071347
-0.005413424319587896
-0.010112577374785723
-0.013273540996582126
-0.012593730187930174
-0.015043555314039975
-0.0035087009478810436
-0.007437192902026426
-0.004461062633734469
-0.009517351321127332
-0.012834953378096996
-0.014407603267236536
-0.014316752974836044
-0.008138933091602634
-0.006353254930627461
-0.009680255293707522
-0.009930876789984739
-0.002932271506443444
-0.0006986074208727435
0.006735452712450218
0.007957232506801653
0.010400792095504522
0.004116458076353296
0.014843058117018202
0.024241364227413853
0.021067869530803588
0.01650655829855823
0.007643955636455131
0.006541221052835374
0.008414616737507574
0.019977666021997693
0.02981769251958194
0.02321694886138073
0.018718293003204677
0.014197707764104365
0.016581744747441396
0.015378761565310753
0.019266527526311087
0.020008993709032346
0.01346150711879004
0.011563049284490118
0.016020979149521122
0.023198152249159935
0.022076621053319388
0.02568557059971132
0.02354275680654111
0.017662549950136896
0.02311043472546291
0.0218322650944491
0.025519533858427663
0.01828283815342301
0.018452007663410132
0.01251227820164008
0.014272894212987532
0.0217602114142694
0.023990742731136636
0.024451259730546022
0.01483052704220434
0.01548527570122857
0.019150615084282875
0.017176970801099787
0.018213917241946775
0.020008993709032346
0.017393131841638886
0.008110738173271449
0.012480950514605427
0.01906916309799278
0.027624754427156287
0.02521252252548807
0.020453846864924404
0.01447652417871277
0.008643308852860535
0.01426036313817367
0.015018493164412254
0.01940750211796702
0.019620530389802656
0.016356185400791902
0.010172099980151561
0.008846938818585774
0.015876871789161723
0.023329728534705475
0.02045697963362787
0.02117751643542487
0.013655738778404883
0.02273136971234362
0.021008346925437748
0.026415505707618716
0.02191058431203573
0.014113123009110806
0.006788709780409127
-0.0010494775156608478
-0.0006422175842103696
0.0009053701553014479
-0.010062453075530279
-0.021753945876862472
-0.03261212220307291
-0.021080400605617448
-0.016005315306003798
-0.00301998903014047
-0.006785577011705661
-0.014310487437429114
-0.02813539572582112
-0.03358954603855406
-0.023617943255424274
-0.007612627949420478
-0.004852658721667622
-0.018311033071754197
-0.02966105408440868
-0.04024667953341765
-0.035973583021891097
-0.031026941239119515
-0.026462497238170693
-0.028552053963381993
-0.03140913902094227
-0.044842451221401125
-0.05361107082240027
-0.04994886420804943
-0.0485829770533386
-0.0448267873778838
-0.03879934039241672
-0.045465872193390704
-0.04562251062856396
-0.05700699209695657
-0.048830465780912345
-0.04528730437729318
-0.039040563582583544
-0.03205135660515264
-0.03982688852715331
-0.0394227613644063
-0.04628979036240206
-0.04528730437729318
-0.05020575124173358
-0.050775915145764246
-0.0507978445266885
-0.0532570679589087
-0.048529719985379687
-0.05769620121171891
-0.05121763553295284
-0.04731420572843518
-0.04069779822671664
-0.04240828993880865
-0.04561624509115703
-0.05233603396008992
-0.048698889495366805
-0.045202719622299624
-0.04363006973316008
-0.04478606138473875
-0.04859237535944899
-0.04641823387924413
-0.04636497681128522
-0.048081734060784156
-0.04638377342350601
-0.042586857754906164
-0.0423143068777047
-0.04810366344170842
-0.047044787619937176
-0.04571336092096445
-0.048291629563916326
-0.05209167800121964
-0.04649028755942383
-0.04391828445387889
-0.04260565436712696
-0.04104866832150474
-0.0405035665671018
-0.036759907966460864
-0.03701992776884848
-0.031293226578914056
-0.03254006852289321
-0.03337965053542189
-0.029388503207207206
-0.03014036769603886
-0.027806455011957273
-0.01994007279755611
-0.009147684614118435
-0.009645794837969405
-0.014557976165002866
-0.013145097479740053
-0.015541665537890945
-0.012224063480921279
-0.015121874531626606
-0.011061806291935683
-0.010776724339920348
-0.01418204392058704
-0.019492086872960585
-0.01762182395699185
-0.015247185279765214
-0.012781696310138087
-0.004840127646853761
-0.003251813914196896
0.003978616253400826
0.0060431108289844045
0.00698294144002397
-0.0009179012301153088
0.00460516999409387
0.011616306352449026
0.007108252188162579
0.012712775398661853
0.006168421577123014
0.01224286009314207
0.007004870820948227
0.005034359306468604
0.008897063117841218
0.010873840169727771
0.005917800080845796
0.0064816984474695355
0.007731673160152157
0.010970955999535192
0.008987913410241709
0.009410837185209514
0.012017300746492574
0.01203923012741683
0.01585807517694093
0.014589303852037518
0.019373041662228904
0.010811184795658466
0.023589748337093087
0.017772196854758178
0.015441416939380058
0.01056056329938125
0.016284131720612202
0.015789154265464695
0.008480404880280344
0.0164282390809716
0.016509691067261696
0.016879357774270593
0.011343755475247554
0.00865897269637786
0.009081896471345666
0.006296865093965087
0.01781918838531016
0.022884875378813414
0.02290680475973767
0.023389251140071315
0.028627240412265158
0.03842027537929743
0.03482072413901589
0.03352375789578129
0.034388402057937695
0.03543161403619161
0.027797056705846875
0.034203568704433245
0.03281575216879815
0.03152818423167395
0.020676273442870437
0.01761555841958492
0.020153101069391745
0.008702831458226375
0.020616750837504597
0.02198263799221543
0.023881095826515354
0.016280998951908737
0.0105198373062362
0.012997857350677188
0.02308537257583519
0.020704468361201624
0.029350909982765624
0.01872769130931507
0.012722173704772249
0.012847484452910857
0.016522222142075556
0.019163146159096735
0.00978676942962534
0.019100490785027433
0.009993532164054044
0.006600743658201213
0.0005607655979202739
-0.0018452007663410132
0.0014442063722974654
0.00027568364590493916
0.00748731720128187
0.0018921922968929913
0.010328738415324822
-0.0017606160113474523
-0.003013723492733539
-0.005416557088291361
0.00029761302682919567
-0.001466135753221722
0.0053319723332978
0.004573842307059217
-0.002177274248908326
-0.003862703811372613
-0.004147785763387948
-0.005720435652527487
-0.007443458439433357
0.000632819278099974
0.0035400286349156957
0.010288012422179775
0.006237342488599248
0.00019109889091137826
-0.0015851809639534
-0.0011309295019509436
-0.0006735452712450218
0.016093032829700822
0.008433413349728365
0.013091840411781144
0.015973987618969145
0.02056975930695262
0.0025375426498068262
-0.0022869211535296087
-0.007233562936301187
0.013812377213578144
0.020776522041381324
0.02191684984944266
0.01936364335611851
-5.952260536583913e-05
0.0005795622101410653
-0.005225458197379983
0.014586171083334053
0.012725306473475714
0.021011479694141213
0.005363300020332452
0.001036946440846987
0.0006923418834658131
0.0027568364590493913
0.010215958742000075
0.012255391167955931
0.013329930833244501
0.001885926759486061
-0.0022117347046464435
0.00453311631391417
0.009533015164644658
0.0175090442836671
0.016212078040432502
0.012578066344412848
0.0019642459770726913
4.385876184851305e-05
0.006722921637636357
0.011985973059457922
0.019250863682793763
0.02372445739134209
0.018439476588596272
0.014216504376325158
0.01000919600757137
0.014630029845182566
0.014861854729238993
0.018436343819892804
0.019987064328108088
0.02123077350338378
0.022098550434243646
0.01146280068597923
0.022524606977914915
0.02411918624797871
0.03048497225342003
0.02577642089211181
0.034545040493110954
0.034144046099067404
0.03298178891008181
0.03920033478646027
0.040741656988565154
0.04232370518381509
0.041286758742968103
0.04058815132209536
0.03268417588325261
0.036759907966460864
0.045099338255085275
0.04635871127387829
0.042442750394546765
0.04019342246545874
0.03443539358848967
0.031274429966693267
0.034322613915164925
0.03686328933367521
0.0440247985897967
0.04485811506491845
0.04336065162466208
0.04159063730720423
0.04524031284674121
0.04959486134455786
0.05013996309896081
0.05418123472643094
0.04867069457703562
0.04523091454063081
0.03429128622813027
0.03418163932350899
0.03793156346155686
0.03809133466543358
0.04666572260681788
0.032154737972366995
0.028624107643561693
0.024294621295372763
0.03370232571187881
0.03701992776884848
0.04275602726489329
0.044927035976394684
0.03817591942042714
0.04010883771046518
0.031293226578914056
0.03412211671814315
0.03379944154168623
0.0404941682609914
0.04002112018676816
0.04159377007590769
0.042580592217499234
0.03455443879922135
0.03520918745824558
0.02941983089424186
0.027371000162175606
0.028890392983356238
0.02299765505213816
0.025535197701944987
0.024235098690006923
0.016609939665772584
0.015532267231780549
0.007462255051654148
0.011058673523232218
0.0016071103448776565
-0.005438486469215618
-0.009977868320536718
-0.019329182900380392
-0.027255087720147394
-0.02791923468528202
-0.03642783448389355
-0.04194150740199233
-0.04925338955588015
-0.050493965962452377
-0.052746426660243866
-0.05836034817685354
-0.06347302670090878
-0.07331931873589995
-0.07290579326704254
-0.076828019683781
-0.07068152748758223
-0.07524597148853106
-0.07283060681815938
-0.08549325791756579
-0.08087555684865806
-0.07893324025250963
-0.06751429832837891
-0.07139266598326885
-0.05847312785017829
-0.03521858576435598
-0.043185216577268024
-0.03238029731901649
-0.059409825692514386
-0.06068172978612126
-0.0836825176069629
-0.08334731135569211
-0.07165895132306338
-0.07144905581993122
-0.06326939673518353
-0.07629858177289538
-0.07053742012722283
-0.06173120730178211
-0.048817934706098486
-0.05101713833593107
-0.05832275495241195
-0.06716029546488733
-0.08198768973838821
-0.07078177608609312
-0.0566341926212442
-0.04192271078977154
-0.04178800173552254
-0.04339824484910366
-0.04932544323605985
-0.04903096297793412
-0.0434483691483591
-0.035334498206384186
-0.02158477636687535
-0.019830425892934826
-0.023361056221740128
-0.03101127739560219
-0.02624320342892813
-0.027909836379171625
-0.02062614914361499
-0.01389382919986824
-0.005767427183079466
-0.011591244202821305
-0.013408250050831131
-0.015256583585875609
-0.011008549223976774
-0.0036590738456473743
-0.003327000363080061
-0.0011183984271370827
-0.009097560314862993
-0.005400893244774035
0.0005670311353272044
0.004213573906160718
0.010582492680305505
0.01411625577781427
0.0142666286755806
0.010272348578662448
0.017740869167723525
0.02587980225932616
0.03331386239264912
0.040832507280965644
0.04432867715403283
0.0418005328103364
0.047812315952286154
0.04783737810191387
0.04956353365752321
0.05879893579533867
0.06548113143982998
0.07202548526136882
0.07182498806434705
0.0691809312786224
0.0690086289999318
0.07344462948403856
0.07946894370080218
0.08265183670352283
0.08094134499143082
0.07950653692524376
0.07439699116989199
0.07218525646524554
0.08278341298906837
0.0924542699766655
0.09300563726847538
0.09048689123088935
0.09319360339068329
0.09093487715548487
0.09795541181995042
0.11542999564787941
0.12160468276240935
0.11908280395611985
0.11050528324603208
0.10920205146539055
0.10907360794854848
0.11100026070117959
0.11403904634354085
0.11283293039270674
0.10923651192112867
0.09743223944647174
0.09997918040238896
0.09872607292100287
0.09672110095078512
0.09297430958144073
0.08799320734293103
0.07537128223666967
0.06980435225061198
0.06094488235721234
0.06309709445649295
0.05838227755777779
0.05432534208679034
0.05076025130224692
0.0436739284950086
0.03780311994471478
0.035610181852289126
0.04333245670633089
0.03746478092474054
0.03707631760551085
0.03651868477629404
0.0332261448689521
0.03134961641557643
0.034657820166435704
0.03879307485500979
0.034491783425152044
0.03146866162630811
0.02919427154759236
0.030416051341943796
0.028837135915397327
0.023401782214885175
0.020651211293242714
0.014955837790342949
0.011544252672269327
0.01180427247465694
0.019936940028852646
0.019066030329289316
0.022928734140661926
0.026409240170211783
0.022158073039609483
0.015601188143256783
0.011011681992680239
0.013405117282127666
0.011506659447827744
0.0062404752573027135
0.005610788747906205
-0.00611829727786757
-0.005372698326442848
-0.011199648114888152
-0.009658325912783266
-0.006594478120794283
-0.002277522847419213
-0.0008051215567905609
-0.002189805323722187
0.0026001980238761304
-0.003336398669190457
-0.005457283081436409
-0.005645249203644322
-0.004169715144312205
-0.010748529421589161
-0.013890696431164775
-0.017324210930162655
-0.01792256975252451
-0.020397457028262032
-0.021493926074474857
-0.019338581206490787
-0.018461405969520527
-0.015237786973654818
-0.01367766815932914
-0.01774713470513046
-0.015980253156376075
-0.015002829320894927
-0.018298501996940334
-0.026327788183921688
-0.036221071749464845
-0.043022312604687835
-0.05156537285903748
-0.04562877616597089
-0.046681386450335205
-0.0399897924997335
-0.045064877799347154
-0.04418770256237689
-0.042376962251773995
-0.04615508130815305
-0.04928158447421134
-0.04423469409292887
-0.0463305163555471
-0.05133041520627759
-0.051925641259935984
-0.05437859915474925
-0.060434241058547514
-0.060894758057956896
-0.05661539600902341
-0.052135536763068153
-0.0463305163555471
-0.04563817447208129
-0.04678476781754956
-0.04992693482712517
-0.05575388461557048
-0.053369847632233444
-0.045992177335572856
-0.03933817660941274
-0.036268063280016825
-0.03361147541947832
-0.03627119604872029
-0.0440968522699764
-0.05031226537765139
-0.043435838073545244
-0.04067273607708892
-0.034021868119632266
-0.023840369833370307
-0.021114861061355565
-0.025472542327875686
-0.0253002400491851
-0.02823877709303547
-0.024714412301637102
-0.024573437709981168
-0.016359318169495367
-0.01973017729442394
-0.02042565194659322
-0.02062614914361499
-0.027790791168439945
-0.028680497480224068
-0.024986963178838577
-0.019523414559995237
-0.017364936923307702
-0.0179507646708557
-0.02165056450964812
-0.022089152128133248
-0.021606705747799604
-0.023329728534705475
-0.01936990889352544
-0.017296016011831467
-0.014141317927441992
-0.016816702400201288
-0.015739029966209253
-0.021280897802639222
-0.020688804517684296
-0.01490884625979097
-0.009266729824850113
-0.005826949788445304
-0.008079410486236796
-0.0092949247431813
-0.021215109659866453
-0.020760858197863996
-0.017834852228827483
-0.015322371728648379
-0.01706419112777504
-0.023279604235450033
-0.02373072292874902
-0.02771560471955678
-0.02489924565514155
-0.021036541843768936
-0.020334801654192727
-0.016497159992447837
-0.012192735793886626
-0.007900842670139279
-0.003070113329395913
0.0018671301472652697
0.004586373381873079
0.018373688445823502
0.01699213744759534
0.019921276185335318
0.023270205929339635
0.023163691793421818
0.024777067675706407
0.02176647695167633
0.024808395362741056
0.02193251369295999
0.032395961162533814
0.03705438822458659
0.045729024764481783
0.051064129866483045
0.05085110159464741
0.05650574910440213
0.052003960477522614
0.06244861133487565
0.06675616830214032
0.06512399580763495
0.06096994450684006
0.051747073443838464
0.04964185287510984
0.049657516718627163
0.05533409360930614
0.05297511877559683
0.05258665545636714
0.047232753742145084
0.04211694244938639
0.04692260964050203
0.05087616374427514
0.06544040544668493
0.0629843147831682
0.055750751846867015
0.039040563582583544
0.02727075156366472
0.022931866909365394
0.0301904919952943
0.027508841985128075
0.028433008752650316
0.013474038193603901
0.017186369107210185
0.003887765961000335
0.017866179915862136
0.021719485421124354
0.029538876104973535
0.018358024602306174
0.016365583706902297
0.010961557693424797
0.014583038314630589
0.015209592055323632
0.017703275943281943
0.017960162976966093
0.015519736156966687
0.01181053801206387
0.005090749143130979
0.009329385198919418
-0.0005294379108856218
0.0020644945755835782
-0.008383289050472921
0.010623218673450553
0.0075625036501650355
0.0124652866710881
0.0094390321035407
0.022076621053319388
0.013229682234733614
0.026847827788696915
0.014150716233552388
0.02757776289660431
0.018245244928981427
0.024780200444409872
0.028787011616141885
0.027010731761277107
0.020344199960303122
0.003618347852502326
0.017577965195143336
0.023223214398787658
0.03670978366720542
0.03280635386268776
0.016537885985592884
-0.009213472756891205
-0.019861753579969478
-0.02191684984944266
-0.016443902924488926
0.0012280453317583652
0.010247286429034727
0.0038971642671107305
0.0035149664852879743
0.004981102238509696
0.02077965481008479
0.021691290502793167
0.028815206534473073
0.03444479189460007
0.032784424481763504
0.021985770760918896
0.014752207824617709
0.015181397136992444
0.0074528567455437525
0.01468641968184494
0.010698405122333717
0.015024758701819184
0.013699597540253397
0.0142666286755806
0.019467024723332862
0.027496310910314216
0.03181639895239275
0.0244261975809183
0.018592982255066066
0.003327000363080061
-0.00833316475121748
-0.0004511186932989913
0.0018702629159687348
0.002145946561873674
-0.011055540754528753
-0.015435151401973128
-0.03241789054345807
-0.03298178891008181
-0.0212558356530115
-0.0190221715674408
-0.017480849365335914
-0.020591688687876874
-0.01216454087555544
-0.014996563783487996
-0.016970208066671082
-0.013846837669316261
-0.005103280217944839
0.0031296359347617523
0.0087905489819234
0.005786223795300257
0.003815712280820635
0.004263698205416161
0.008270509377148174
0.01624340572746715
0.030359661505281424
0.04902469744052719
0.061480585805504896
0.07039957830427036
0.0774671044992879
0.076511610044731
0.08066879411422935
0.07526476810075185
0.07564696588257461
0.07696899427543694
0.0749546239991088
0.06815025037518234
0.06261464807615931
0.061656020852898945
0.06120803492830342
0.06618287162940618
0.06033399246003662
0.06740465142375762
0.06799047917130562
0.06444105223027953
0.06641156374475915
0.06368918774144787
0.06339470748332214
0.056111020247765514
0.053338519945198795
0.04821644311503316
0.04176920512330175
0.03909068788183898
0.033179153338400116
0.0356665716889515
0.037633950434727656
0.039118882800170174
0.029952401573830945
0.026471895544281088
0.013931422424309822
-0.0032925399073419435
-0.02038492595344817
-0.016052306836555775
-0.013502233111935089
-0.011074337366749544
-0.005682842428085905
-0.0066164075017185395
-0.015591789837146389
-0.02519999145067421
-0.02642490401372911
-0.022681245413088174
-0.016102431135811217
-0.00992461125257781
-0.018627442710804184
-0.026193079129672683
-0.04525284392155507
-0.0508072428327989
-0.05560037894910068
-0.04495836366342934
-0.02679143795203454
-0.009661458681486731
-0.001394082073042022
-0.01747145105922552
-0.031760009115730375
-0.04163449606905274
-0.0325776617473348
-0.017249024481279487
-0.0013439577737865784
0.0007424661827212565
0.0033520625127077828
-0.017530973664591356
-0.02850819520153348
-0.026625401210750885
-0.01836115737100964
-0.022421225610700563
-0.024933706110879666
-0.023924954588363866
-0.03126189889187941
-0.03560704908358566
-0.03167855712944028
-0.034441659125896605
-0.047358064490283694
-0.062248114137853874
-0.06326939673518353
-0.07107938911292232
-0.06978868840709465
-0.0591654697336441
-0.05431594378067994
-0.055409280058189306
-0.06252066501505535
-0.06514279241985574
-0.05956959689639111
-0.04996139528286329
-0.04392768275998928
-0.038047475903585065
-0.041064332165022074
-0.044974027506946665
-0.053404308087971565
-0.050938819118344435
-0.04281554987025913
-0.036490489857962854
-0.036609535068694535
-0.04444458959606104
-0.043376315468179404
-0.03518412530861786
-0.030914161565794768
-0.030710531600069528
-0.03765274704694845
-0.04176920512330175
-0.04995826251415982
-0.04710431022530301
-0.0383325578556004
-0.03721729219716678
-0.03690714809552373
-0.04365199911408434
-0.034617094173290654
-0.04436000484106748
-0.04263698205416161
-0.02535662988584747
-0.027211228958298878
-0.02332659576600201
-0.02742738999883798
-0.02389675967003268
-0.022944397984179254
-0.023505163582099527
-0.01526284912328254
-0.02548820617139301
-0.01656608090392407
-0.01396588288004794
0.0017982092357890348
0.011500393910420815
0.006757382093374474
0.01619328142821171
0.012083088889265344
0.017230227869058697
0.012239727324438605
0.015814216415092418
0.024927440573472737
0.02467681907719552
0.0242100365403792
0.02961719532256017
0.027699940876039452
0.023508296350802992
0.02541615249121331
0.030193624763997767
0.026462497238170693
0.03619287683113366
0.03498362811159608
0.036581340150363344
0.02692927977498701
0.020742061585643207
0.018298501996940334
0.025400488647695982
0.023364188990443593
0.032424156080865005
0.034006204276114935
0.036136486994471285
0.04016836031583102
0.0333608539232011
0.02265305049475699
0.017744001936426994
0.03040038749842647
0.02556652538897964
0.027615356121045893
0.02725195495144393
0.025397355878992518
0.017042261746850782
0.01847393704433439
0.016255936802281015
0.025745093205077157
0.02958273486682205
0.03929431784756422
0.029711178383664123
0.010237888122924331
0.011193382577481223
0.01652848767948249
0.029899144505872038
0.03684135995275096
0.03792843069285339
0.03753056906751331
0.03342664206597387
0.029670452390519075
0.036202275137244055
0.0382699024815311
0.03294419568564023
0.03354255450800209
0.026500090462612275
0.023696262473010907
0.022634253882536197
0.031077065538374957
0.027508841985128075
0.021186914741535265
0.025325302198812818
0.01859611502376953
0.0166444001215107
0.0069892069774309005
0.011334357169137157
0.009379509498174862
0.0033959212745562958
-0.005739232264748278
-0.017709541480688876
-0.01843321105118934
-0.015005962089598392
-0.009580006695196635
0.0004667825368163174
-0.002478020044440987
-0.0050531559186893955
-0.015428885864566196
-0.013790447832653888
-0.015074883001074627
-0.014016007179303383
-0.011851264005208919
-0.017978959589186883
-0.022574731277170357
-0.024432463118325233
-0.02664733059167514
-0.026775774108517215
-0.02602390961968556
-0.029839621900506198
-0.03008711062807995
-0.038489196290773665
-0.038730419480940484
-0.03920973309257066
-0.04564130724078475
-0.047693270741554473
-0.05421256241346559
-0.05165935592014144
-0.0487082878014772
-0.04819764650281237
-0.04574782137670257
-0.04313822504671604
-0.041083128777242864
-0.04391515168517542
-0.04166269098738393
-0.042718434040451704
-0.03229571256402293
-0.029103421255191872
-0.02705459052312562
-0.03104260508263684
-0.036963537932186104
-0.03747104646214747
-0.046549810164789665
-0.03616468191280247
-0.034341410527385714
-0.029642257472187888
-0.0348113258329055
-0.040340662594521605
-0.04313195950930911
-0.05322887304057751
-0.05212613845695775
-0.047107442994006474
-0.048949510991644025
-0.04489257552065657
-0.04626472821277433
-0.043238473645226934
-0.049482081671233115
-0.05039685013264496
-0.05524011054820218
-0.05410291550884431
-0.045099338255085275
-0.03912201556887364
-0.035914060416525256
-0.04217959782345569
-0.0324868114549343
-0.030889099416167045
-0.029501282880531953
-0.022164338577016416
-0.017095518814809692
-0.015438284170676593
-0.012581199113116314
-0.017324210930162655
-0.02116498536061101
-0.020281544586233817
-0.019062897560585847
-0.011500393910420815
-0.01481173042998355
-0.012042362896120297
-0.017314812624052257
-0.02187925662500108
-0.022844149385668366
-0.019175677233910598
-0.013019786731601445
-0.010068718612937209
-0.01239949852831533
-0.03456383710533174
-0.036556278000735624
-0.032029427224228385
-0.03551619879118517
-0.030729328212290317
0.009626998225748614
0.013928289655606357
-0.0005952260536583913
-0.02266558156957085
-0.008471006574169949
-0.018527194112293296
-0.00973977789907336
-0.007581300262385827
0.0035588252471364873
0.0038470399678552872
-0.010798653720844605
-0.0049654383949923695
-0.0008803080056737261
0.008671503771191722
0.012330577616839096
0.0209676209322927
0.023821573221149514
0.02521252252548807
0.011650766808187144
0.004511186932989913
-0.013708995846363791
-0.006948480984285852
-0.002171008711501396
0.009940275096095135
0.00822038507789273
0.010350667796249078
-0.0025532064933241525
-0.013279806533989058
-0.008226650615299662
0.002026901351141996
-0.004771206735377526
0.0017668815487543827
0.0033645935875216437
-0.0015068617463667696
-0.0003508700947881044
0.0076940799357105745
0.006509893365800722
-0.005353901714222057
-0.006165288808419548
-0.015099945150702348
-0.00676051486207794
0.002271257310012283
-0.004598904456686939
-0.001528791127291026
-0.017715807018095806
-0.018737089615425466
-0.023520827425616852
-0.01754350473940522
-0.007941568663284326
-0.014604967695554845
-0.007932170357173932
-0.011891989998353966
-0.01732734369886612
-0.019861753579969478
-0.02361481048672081
-0.02402207041817129
-0.03552872986599903
-0.02972684222718145
-0.03361147541947832
-0.03673484581683314
-0.04264951312897547
-0.03776865948897666
-0.03880560592982365
-0.041477857633879484
-0.03909695341924591
-0.031753743578323446
-0.031471794395011576
-0.03281888493750162
-0.02043191748400015
-0.01583927856472014
-0.009880752490729297
-0.014059865941151897
-0.012155142569445044
-0.013448976043976178
-0.019288456907235345
-0.02181346848222831
-0.015272247429392935
-0.012120682113706926
-0.012480950514605427
-0.015062351926260766
-0.01997453325329423
-0.020942558782664978
-0.01746518552181859
-0.017277219399610674
-0.022728236943640154
-0.024316550676297018
-0.02359601387450002
-0.0244261975809183
-0.020491440089365986
-0.02178214079519366
-0.017111182658327017
-0.022909937528441136
-0.02283475107955797
-0.025942457633395467
-0.02601764408227863
-0.02603330792579596
-0.02014996830068828
-0.01856478733673488
-0.008680902077302119
-0.008549325791756579
-0.029755037145512635
-0.02491177672995541
-0.012872546602538578
0.0019485821335553653
0.0030544494858785872
0.0020206358137350652
-0.003023121798843935
-0.008684034846005583
-0.0038533055052622175
0.004818198265929504
0.014467125872602375
0.010303676265697101
-0.0006234209719895783
-0.005429088163105222
-0.0031421670095756133
0.0005920932849549261
-0.001281302399717274
0.007477918895171474
0.0050092971568408825
0.0034209834241840176
0.005532469530319575
0.015482142932525105
0.018467671506927456
0.023226347167491123
0.02570436721193211
0.02224579056330651
0.024372940512959393
0.018527194112293296
0.01806667711288391
0.02174141480204861
0.029908542811982432
0.036299390967051474
0.03255259959770707
0.031192977980403172
0.01941690042407742
0.02104594014987933
0.0270921837475672
0.031850859408130865
0.03485205182605054
0.027652949345487475
0.02257786404587382
0.02407846025483366
0.034084523493701564
0.03644663109611434
0.033868362453162465
0.03255886513511401
0.0306322123824829
0.025375426498068263
0.02069193728638776
0.025726296592856367
0.025112273926977183
0.030168562614370044
0.029335246139248296
0.034736139384022334
0.027834649930288457
0.02847686751449883
0.02625573450374199
0.03034713043046756
0.04038452135637012
0.03718596451013213
0.03634324972889999
0.02922246646592355
0.025917395483767744
0.026669259972599398
0.0242914885266693
0.02548194063398608
0.024250762533524248
0.018511530268775972
0.013286072071395988
0.009670856987597126
0.022931866909365394
0.025917395483767744
0.025250115749929653
0.023552155112651504
0.0166444001215107
0.008530529179535788
0.007784930228111065
0.015381894334014217
0.021672493890572374
0.026377912483177134
0.02455150832905691
0.014677021375734544
0.008480404880280344
0.007891444364028883
0.013445843275272713
0.01661307243447605
0.024817793668851455
0.020121773382357093
0.017678213793654224
0.006967277596506644
0.004429734946699818
0.0005513672918098783
0.008019887880870958
0.0083582269008452
0.007289952772963561
0.00366847215175777
-0.007183438637045744
-0.010642015285671344
-0.023583482799686157
-0.022418092841997098
-0.021346685945411992
-0.019360510587415045
-0.021553448679840697
-0.021008346925437748
