-0.004771206735377526
-0.0051847322042349354
-0.0025156132688825697
-0.0007111384956866044
0.006688461181898239
0.007929037588470465
0.004401540028368631
0.004191644525236461
0.0025124805001791044
0.010507306231422339
0.017421326759970074
0.02648442661909495
0.02638731078928753
0.023367321759147058
0.01982102758682443
0.015522868925670154
0.017430725066080472
0.026528285380943463
0.029980596492162132
0.025397355878992518
0.024372940512959393
0.02183853063185603
0.016268467877094874
0.017781595160868576
0.018574185642845274
0.018307900303050732
0.012860015527724719
0.017245891712576022
0.01757483242643987
0.015598055374553318
0.012352506997763352
0.006810639161333383
0.009633263763155544
0.01122157749581241
0.014814863198687014
0.016935747610932965
0.013925156886902892
0.008759221294888748
0.007678416092193248
0.0097993005044392
0.00914455184541497
0.013918891349495961
0.020062250776991253
0.018098004799918563
0.01744325614089433
0.019103623553730898
0.022393030692369375
0.025334700504923216
0.028326494616732496
0.026384178020584063
0.024444994193139093
0.021124259367465963
0.02001839201514274
0.02621500851059694
0.025563392620276175
0.029047031418529497
0.024457525267952952
0.009012975559869432
0.003383390199742435
0.0015663843517326088
0.00822038507789273
0.0048338621094468305
-0.00010024859851088696
-0.007719142085338296
-0.01572963166009886
-0.01468015414443801
-0.010604422061229761
-0.006343856624517066
-0.013615012785259836
-0.017111182658327017
-0.018195120629725985
-0.015967722081562215
-0.00885633712469617
-0.0031609636217964044
-0.00038533055052622175
-0.0031327687034652177
-0.0033144692882662
-0.011397012543206462
-0.010986619843052518
-0.0017919436983821044
0.0026440567857246434
0.005545000605133435
-0.003214220689755313
-0.008850071587289239
-0.011550518209676256
-0.007189704174452674
-0.005673444121975509
-0.0067699131681883355
-0.006121430046571035
-0.012148877032038114
-0.01196717644723713
-0.012001636902975248
-0.013192089010292032
-0.013834306594502402
-0.008815611131551122
-0.010692139584926787
-0.008210986771782336
-0.011393879774502996
-0.019062897560585847
-0.016064837911369634
-0.011287365638585178
-0.011387614237096066
-0.017910038677710648
-0.017577965195143336
-0.009298057511884766
-0.0073651392218467265
-0.0033739918936320393
-0.00338025743103897
-0.007769266384593739
-0.007731673160152157
-0.0034617094173290653
0.002478020044440987
-0.0016196414196915174
-0.006011783141949753
-0.0062404752573027135
-0.012477817745901962
-0.011143258278225779
-0.00820785400307887
-0.01079552095214114
-0.030503768865640823
-0.0500773077248915
-0.04596084964853821
-0.0239218218196604
0.016575479210034466
0.01973017729442394
0.0027286415407182046
-0.028768215003921092
-0.0489338471481267
-0.04295965723061853
-0.02278775954900599
-9.085029240049131e-05
0.007101986650755648
0.0068576306918853615
-0.0012938334745311347
-0.007856983908290765
-0.006425308610807161
-0.004883986408702274
0.0032894071386384786
0.013602481710445974
0.017618691188288384
0.015015360395708787
0.003239282839383035
-0.009539280702051588
-0.008270509377148174
-0.004035006090063201
0.007180305868342279
0.012487216052012357
0.007910240976249674
-0.0009554944545568914
-0.008596317322308557
-0.008687167614709048
-0.0074528567455437525
-0.005557531679947296
-0.004276229280230022
-0.002418497439075148
-0.00467722367427357
-0.002465488969627126
-0.005341370639408196
-0.0058018876388175825
-0.0028727489010776045
0.0068795600728096176
0.014958970559046414
0.020171897681612535
0.011957778141126736
0.017010934059816133
0.023160559024718353
0.023683731398197044
0.0219043187746288
0.012336843154246028
0.0025563392620276174
0.002938537043850374
0.016945145917043363
0.025250115749929653
0.02823877709303547
0.012509145432936613
0.00010964690462128261
-0.004555045694838426
0.0008583786247494696
0.009699051905928313
0.019319784594269997
0.01855852179932795
0.007468520589061079
0.003718596451013213
0.004078864851911714
0.004335751885595861
0.012803625691062344
0.019163146159096735
0.01375598737691577
0.004379610647444374
0.006422175842103696
0.009263597056146648
0.011669563420407935
0.01727408663090721
0.018439476588596272
0.013082442105670748
0.007393334140177913
0.0037467913693444003
0.00822038507789273
0.013060512724746492
0.01963932700202345
0.018383086751933897
0.01042272147642878
0.005209794353862656
-0.0007142712643900696
0.008668371002488257
0.009783636660921875
0.009226003831705066
0.004257432668009231
-0.0025876669490622695
-0.013392586207313805
-0.013157628554553914
-0.013351860214168757
-0.008524263642128858
-0.007835054527366509
-0.004674090905570105
-0.0016635001815400305
0.0026440567857246434
0.0034397800364048088
-0.004768073966674061
-0.006096367896943313
-0.0049435090140681134
0.001556986045622213
0.008959718491910523
0.011982840290754457
0.006177819883233409
4.072599314504783e-05
-0.0017010934059816132
0.0010400792095504523
0.0056922407341963
0.007509246582206127
0.0024717545070340567
0.0001065141359178174
-0.005263051421821566
-0.011359419318764878
-0.012997857350677188
-0.010858176326210445
-0.007816257915145718
-0.008342563057327874
-0.013373789595093014
-0.01764688610661957
-0.01705166005296118
-0.016024111918224587
-0.009608201613527823
-0.011904521073167827
-0.008536794716942717
-0.015563594918815201
-0.015228388667544423
-0.009482890865389214
-0.007387068602770983
-0.005197263279048796
-0.005219192659973053
-0.008906461423951614
-0.0014066131478558826
-0.0036089495463919306
-0.003815712280820635
-0.007164642024824953
-0.008107605404567984
-0.002562604799434548
-0.0026534550918350394
-0.0019423165961484348
-0.0033019382134523395
-0.004511186932989913
-0.011663297883001005
-0.007609495180717013
-0.008937789110986265
-0.00045425146200245655
0.0013032317806415305
-0.00034147178867770874
-0.005012429925544348
-0.011039876911011427
-0.016140024360252803
-0.013364391288982619
-0.005197263279048796
-0.0021052205687286264
-0.006788709780409127
-0.012255391167955931
-0.025669906756193992
-0.029441760275166113
-0.02401580488076436
-0.012324312079432166
-0.006350122161923996
-0.006362653236737857
-0.012515410970343544
-0.02129656164615655
-0.024441861424435628
-0.015372496027903823
-0.008091941561050657
-0.008361359669548665
-0.013167026860664309
-0.020250216899199168
-0.031230571204844754
-0.03040038749842647
-0.028990641581867125
-0.02612415821819645
-0.020936293245258048
-0.022772095705488667
-0.020623016374911526
-0.025976918089133584
-0.029635991934780958
-0.02979889590736115
-0.027684277032522128
-0.01990874511052146
-0.01541322202104887
-0.022261454406823835
-0.025528932164538057
-0.026941810849800872
-0.0213278893331912
-0.019526547328698702
-0.014485922484823166
-0.014382541117608814
-0.013875032587647449
-0.015359964953089961
-0.012919538133090557
-0.009200941682077343
-0.007838187296069974
-0.0038940314984072656
-0.0016760312563538914
-0.0059553933052873785
-0.0052066615851591915
-0.006469167372655674
-0.010526102843643132
-0.01065141359178174
-0.013282939302692523
-0.005106412986648305
-0.006663399032270517
-0.007083190038534857
-0.013890696431164775
-0.015817349183795883
-0.018837338213936353
-0.015873739020458258
-0.01866816870394923
-0.018542857955810624
-0.018962648962074963
-0.019379307199635838
-0.013608747247852906
-0.015165733293475118
-0.014501586328340492
-0.017299148780534932
-0.009069365396531805
-0.009398306110395653
-0.005814418713631444
-0.007794328534221461
-0.005460415850139874
-0.0057360994960448134
-0.004031873321359735
-0.00510954575535177
-0.007340077072219005
-0.0020613618068801133
0.0020237685824385306
0.0005231723734786914
0.0032894071386384786
-0.000733067876610861
-0.0006359520468034391
-0.00013470905424900435
0.010516704537532735
0.011190249808777758
0.005322574027187404
-0.0015475877395118175
-0.006522424440614583
-0.0016447035693192393
-0.0004636497681128522
0.005855144706776492
0.005222325428676518
0.003859571042669148
-0.0009210339988187739
-0.0031703619279068
0.0024404268199994046
0.005297511877559683
0.009319986892809022
0.006644602420049726
0.008674636539895187
0.006534955515428444
0.010479111313091153
0.0126814477116272
0.01869636362228042
0.02253400528402531
0.015732764428802323
0.009695919137224849
0.005071952530910188
0.0028288901392290915
0.0030857771729132393
0.0033959212745562958
0.007825656221256113
0.007183438637045744
0.005003031619433953
-0.0012437091752756913
-0.0012217797943514348
0.0013063645493449957
0.001929785521334574
0.005263051421821566
0.0019423165961484348
0.002030034119845461
0.00046991530551978265
-0.003536895866212231
-0.010200294898482749
-0.008010489574760561
-0.008521130873425391
0.0013282939302692522
0.006644602420049726
0.0035650907845434176
-0.008041817261795214
-0.014432665416864257
-0.014153849002255853
-0.013120035330112332
-0.007966630812912049
-0.009304323049291695
-0.019338581206490787
-0.02212674535257483
-0.02210168320294711
-0.021725750958531284
-0.01954534394091949
-0.020782787578788254
-0.017634355031805708
-0.02635911587095634
-0.029579602098118583
-0.028620974874858228
-0.029748771608105705
-0.026603471829826628
-0.028367220609877546
-0.029197404316295826
-0.03275936233213578
-0.032167269047180855
-0.029100288486488407
-0.03009964170289381
-0.02535662988584747
-0.023527092963023785
-0.02483972304977571
-0.028191785562483494
-0.02988348066235471
-0.023104169188055978
-0.012985326275863327
-0.01405673317244843
-0.017853648841048276
-0.015403823714938475
-0.01969884960738929
-0.016982739141484945
-0.016967075297967617
-0.016888756080380988
-0.013361258520279152
-0.013646340472294488
-0.009363845654657536
-0.009100693083566458
-0.006180952651936874
-0.011340622706544087
-0.017264688324796815
-0.015291044041613727
-0.015353699415683032
-0.01092709723768668
-0.009658325912783266
-0.012953998588828675
-0.0119609109098302
-0.013774783989136561
-0.010782989877327278
-0.011268569026364387
-0.010250419197738192
-0.012217797943514349
-0.0027098449284974134
-0.011412676386723787
-0.010457181932166897
-0.013505365880638553
-0.011068071829342614
-0.01044151808864957
-0.014761606130728105
-0.011854396773912384
-0.016757179794835448
-0.010607554829933226
-0.007412130752398704
-0.007437192902026426
-0.017458919984411656
-0.027483779835500353
-0.02833276015413943
-0.02031287227326847
-0.01496836886515681
-0.01643450461837853
-0.01598338592507954
-0.023361056221740128
-0.029526345030159676
-0.021155587054500616
-0.015526001694373619
-0.010178365517558493
-0.006487963984876465
-0.009683388062410987
-0.01173848433188417
-0.012988459044566792
-0.013073043799560353
-0.010804919258251536
-0.008311235370293222
-0.0010808052026955001
-0.0039942800969181525
-0.014016007179303383
-0.01667886057724882
-0.016365583706902297
-0.014420134342050396
-0.005144006211089887
0.0009398306110395653
-0.0011873193386133176
-0.009476625327982283
-0.017126846501844345
-0.014915111797197901
-0.014786668280355826
-0.0023840369833370307
-0.006967277596506644
-0.006434706916917557
-0.010682741278816393
-0.016525354910779024
-0.008596317322308557
-0.008245447227520453
-0.0025250115749929653
0.0005795622101410653
-0.0030043251866231436
-0.004811932728522574
-0.007813125146442253
-0.008508599798611531
-0.006494229522283396
0.0005451017544029479
0.01081431756436193
0.010883238475838166
0.010288012422179775
0.00957060838908624
0.011315560556916366
0.010588758217712435
0.013571154023411322
0.012443357290163845
0.014971501633860275
0.007640822867751666
0.010278614116069378
0.006917153297251201
0.011209046420998549
0.0008677769308598652
0.005792489332707187
-0.005003031619433953
0.008677769308598652
-0.004000545634325083
0.015895668401382512
0.0022399296229776307
0.010936495543797074
0.0048777208712953435
0.008182791853451148
0.0070769245011279265
-0.051577903933851345
0.17044141408072863
-0.06982314886283277
0.06985134378116395
-0.013815509982281609
0.005429088163105222
-0.014852456423128596
-0.11576206913044672
0.07240141750578465
0.03961386025531768
0.07989500024447345
0.05857024367998571
-0.00041665823756087395
-0.025641711837862805
-0.08918679221895127
0.017953897439559163
0.01856478733673488
0.02258726235198422
0.012953998588828675
-0.00023495765275989133
-0.026152353136527636
-0.02366180201727279
0.010131373987006514
-0.011866927848726245
0.027797056705846875
0.04238949332658786
0.027123511434601854
-0.012292984392397514
-0.04066647053968199
-0.03787204085619102
-0.019125552934655152
0.026465630006874158
0.021847928937966426
0.01214574426333465
-0.011487862835606953
-0.0170767222025889
-0.0408638349680003
0.01633112325116418
0.014435798185567722
0.017822321154013623
-0.010692139584926787
0.011343755475247554
0.00012217797943514348
0.004824463803336435
-0.0017042261746850783
-0.024495118492394535
-0.009357580117250604
-0.0042824948176369525
0.008734159145261027
-0.024316550676297018
-0.02137488086374318
-0.02319501948045647
-0.02711411312849146
-0.010923964468983213
-0.021913717080739196
-0.03874608332445781
-0.04278735495192794
-0.019911877879224923
-0.005767427183079466
-0.015880004557865188
-0.007903975438842744
-0.04498342581305706
-0.04498969135046399
-0.03274369848861845
0.0042511671306023
0.0013564888486004391
-0.008765486832295678
-0.009746043436480292
-0.031064534463561097
-0.03954493934384144
-0.034256825772392155
-0.010121975680896117
-0.006782444243002196
0.0095110857837204
0.006008650373246287
-0.010504173462718874
-0.02348323420117527
-0.011735351563180705
0.003113972091244426
0.012938334745311348
0.03457010264273867
0.02924752861555127
0.01375598737691577
0.006907754991140804
0.015864340714347863
0.01841441443896855
0.01746205275311512
0.03197303738756601
0.010679608510112926
-0.0034397800364048088
-0.010184631054965422
-0.010992885380459448
-0.021127392136169428
-0.029219333697220084
-0.015338035572165705
-0.025387957572882123
-0.023617943255424274
-0.01848646811914825
-0.012841218915503928
-0.013662004315811814
-0.01685429562464287
-0.006954746521692783
-0.006177819883233409
-0.0033144692882662
0.0032361500706795695
0.009827495422770387
0.014683286913141474
0.014348080661870696
0.013715261383770723
0.0068357013109611045
0.010989752611755983
0.005237989272193844
0.017468318290522054
0.016046041299148845
0.024156779472420294
0.01476473889943157
0.004191644525236461
-0.001437940834890535
-0.0014034803791524175
0.006096367896943313
0.004717949667418618
0.017571699657736407
0.017386866304231956
0.012130080419817323
0.00849606872379767
-0.00013157628554553915
0.0029166076629261175
0.011938981528905945
0.02196384137999464
0.02609909606856873
0.02076399096656746
0.016017846380817657
0.018304767534347267
0.02588606779673309
0.02070760112990509
0.020391191490855103
0.016816702400201288
0.01024415366033126
0.01780352454179283
0.02051023670158678
0.028110333576193396
0.02145946561873674
0.016393778625233484
0.004119590845056761
0.0015820481952499349
0.00873102637655756
0.024379206050366323
0.033699192943175346
0.028884127445949304
0.02064807852453925
0.011008549223976774
0.007092588344645253
0.009633263763155544
0.021024010768955076
0.027095316516270666
0.031556379150005136
0.028661700868003275
0.01597085485026568
-0.0019329182900380392
-0.002390302520743961
0.00495917285758544
0.007346342609625935
0.01389382919986824
0.018004021738814605
0.00755937088146157
-0.004210441137457253
-0.005425955394401757
0.0029009438194087913
0.009298057511884766
0.022073488284615923
0.029635991934780958
0.026543949224460787
0.012045495664823762
-0.002565737568138013
-0.013380055132499943
-0.01416951284577318
0.0013596216173039045
0.014156981770959318
0.0199588694097769
0.001137195039357874
-0.024463790805359886
-0.04376791155611255
-0.050650604397625636
-0.040700930995420104
-0.023370454527850523
-0.021180649204128335
-0.028407946603022594
-0.04461689187475163
-0.06087282867703264
-0.07353547977643905
-0.08070325456996746
-0.07714442932283098
-0.07333811534812075
-0.06482638278080574
-0.06146178919328411
-0.062129068927122194
-0.06950360645507932
-0.07549972575351174
-0.07015208957669662
-0.06531509469854632
-0.05003031619433952
-0.03677557180997819
-0.025413019722509846
-0.019310386288159603
-0.024260160839634646
-0.024435595887028698
-0.030979949708567538
-0.01792256975252451
0.0011340622706544087
0.02487731627421729
0.03538148973693617
0.03241789054345807
0.02828576862358745
0.021534652067619904
0.029704912846257193
0.03446985404422779
0.042871939706921505
0.047044787619937176
0.04933170877346678
0.04372405279426404
0.03113972091244426
0.016230874652653292
0.006356387699330926
0.003718596451013213
0.00524738757830424
0.011036744142307962
0.011196515346184687
0.004354548497816652
-0.00023809042146335653
-0.010566828836788179
-0.010986619843052518
-0.013564888486004392
-0.004721082436122083
-0.0028038279896013697
0.004285627586340417
0.004649028755942383
0.0037781190563790524
0.0003821977818227565
-0.0033520625127077828
-0.0005106412986648304
0.004852658721667622
0.013881298125054379
0.019999595402921948
0.026277663884666246
0.009016108328572896
0.021985770760918896
0.017944499133448765
0.010892636781948562
0.01189512276705743
0.009435899334837235
0.023301533616374288
0.019924408954038783
0.027562099053086986
0.017023465134629993
0.008746690220074887
0.009081896471345666
0.009921478483874344
0.023323462997298545
0.02851446073894041
0.02650322323131574
0.017368069692011167
0.01078925541473421
0.0028100935270083003
0.004724215204825548
0.011224710264515875
0.016982739141484945
0.019999595402921948
0.01949521964166405
0.027615356121045893
0.02787224315473004
0.031879054326462056
0.04060068239690922
0.04212634075549678
0.044770397541221425
0.053109827829845836
0.061822057594182606
0.06296551817094741
0.06242041641654446
0.061164176166454906
0.05795308824540306
0.05862350074794462
0.06223871583174348
0.0619755632606524
0.06255512547079346
0.06076004900370789
0.05156850562774094
0.04347343129798682
0.048639366890000965
0.05725761359323378
0.06370798435366866
0.06307829784427216
0.055199384555057136
0.034231763622764436
0.023718191853935162
0.022662448800867385
0.03735513402011925
0.046590536157934716
0.048962042066457885
0.04190391417755075
0.025876669490622697
0.024206903771675736
0.021312225489673875
0.03585767057986288
0.04339511208040019
0.05125209598869096
0.03538148973693617
0.02441366650610444
0.012979060738456396
0.0011935848760202478
0.004492390320769122
0.006682195644491309
0.01093962831250054
0.006603876426904679
0.0009492289171499609
-0.01352102972415588
-0.016719586570393866
-0.017111182658327017
-0.018098004799918563
-0.013091840411781144
-0.009222871063001601
-0.014272894212987532
-0.020666875136760042
-0.016255936802281015
-0.024241364227413853
-0.06412150982252607
-0.08348202040994111
-0.025400488647695982
0.023041513813986676
0.048824200243505415
0.039053094657397404
-0.005341370639408196
-0.045027284574905575
-0.06654627279900815
-0.04146219379036215
-0.00805748110531254
0.023771448921894072
0.02726448602625779
0.013558622948597462
-0.013013521194194513
-0.0621196706210118
-0.0690994792923323
-0.04549719988042535
0.002478020044440987
0.046484022022016895
0.045512863723942684
-0.010165834442744631
-0.0799169296253977
-0.1078643592290109
-0.08211926602393375
-0.030287607825101724
0.00827990768325857
8.77175236970261e-05
-0.04476726477251796
-0.0771068360983894
-0.08291812204331737
-0.055067808269511596
-0.010911433394169353
0.006666531800973983
0.002691048316276622
-0.023317197459891616
-0.05423449179438985
-0.07319087521905787
-0.06671230954029181
-0.022471349909956004
0.013799846138764284
0.015566727687518666
-0.010808052026955001
-0.043041109216908624
-0.05809093006835553
-0.03952614273162065
0.0005325706795890869
0.007155243718714557
-0.018279705384719545
-0.04716383283066885
-0.06535582069169137
-0.04697586670846094
-0.02166309558446198
-0.009128888001897643
-0.01361188001655637
-0.020328536116785798
-0.017227095100355232
-0.018004021738814605
-0.014670755838327615
-0.0038815004235934047
0.002030034119845461
0.005093881911834444
0.0005607655979202739
-0.0008427147812321435
0.006666531800973983
0.017245891712576022
0.03341724375986348
0.03647482601444553
0.025773288123408344
0.00914455184541497
-0.0019203872152241783
0.012130080419817323
0.03550053494766785
0.04988307606527666
0.04938496584142569
0.030773186974138833
0.0011998504134271783
-0.008016755112167491
0.009514218552423865
0.03411585118073622
0.040879498811517624
0.034078257956294634
0.01585807517694093
0.0008427147812321435
-0.003543161403619161
0.014341815124463766
0.03498049534289262
0.037950360073777646
0.031929178625717494
0.021647431740944655
0.003787517362489448
-0.00013157628554553915
0.013420781125644992
0.03763708320343112
0.051386805042939965
0.049657516718627163
0.0362430011303891
0.024632960315347004
0.024852254124589572
0.03872728671223702
0.051399336117753824
0.061283221377186586
0.0604530376707683
0.050722658077805335
0.03641530340907969
0.030732460980993786
0.03346423529041546
0.03318855164451052
0.033461102521711986
0.03864270195724346
0.033658466950030295
0.030835842348208138
0.029482486268311164
0.023455039282844085
0.016700789958173076
0.020795318653602114
0.021252702884308035
0.016083634523590427
0.011769812018918822
0.006346989393220531
0.0054040260134775005
0.0065568848963527
0.009630130994452079
0.005488610768471061
0.0019391838274449697
-0.008076277717533331
-0.006788709780409127
-0.002321381609267726
0.00647856567876607
0.01576095934713351
-0.000720536801797
-0.00870596422692984
-0.019504617947774444
-0.021196313047645663
-0.010262950272552052
-0.0052505203470077045
0.0030607150232855175
-0.007596964105903153
-0.013345594676761828
-0.01411625577781427
-0.009814964347956527
-0.006475432910062605
-0.005275582496635426
-0.008251712764927383
-0.008737291913964492
-0.007844452833476906
-0.001885926759486061
0.006719788868932892
0.009022373865979826
0.005895870699921539
-0.005071952530910188
-0.011321826094323296
-0.008449077193245691
0.002390302520743961
0.014185176689290506
0.01591759778230677
0.011033611373604497
0.0010432119782539174
9.085029240049131e-05
0.002421630207778613
0.013085574874374215
0.022092284896836713
0.018502131962665574
0.01744952167830126
0.0121050182701896
0.011052407985825288
0.009454695947058027
0.011478464529496557
0.014877518572756317
0.010131373987006514
0.010313074571807496
0.004818198265929504
0.0075405742692407785
0.005012429925544348
0.013649473240997953
0.02001212647773581
0.021581643598171885
0.01739939737904582
0.008330031982514013
0.0032361500706795695
-5.012429925544348e-05
0.0011058673523232218
0.009664591450190196
0.011929583222795548
0.015165733293475118
0.021124259367465963
0.02273136971234362
0.021287163340046152
0.024238231458710388
0.021462598387440204
0.024031468724281684
0.02312296580027677
0.021287163340046152
0.018946985118557635
0.01132495886302676
0.010250419197738192
0.004664692599459709
0.008060613874016005
0.007330678766108609
0.005059421456096326
0.002869616132374139
0.0015914465013603305
-0.003455443879922135
-0.0029166076629261175
-0.0031766274653137307
-0.003774986287675587
-0.007587565799792757
-0.010469713006980757
-0.00870596422692984
-0.0026283929422073176
0.0030544494858785872
0.0063281927809997396
0.00032894071386384787
-0.007634557330344735
-0.007800594071628392
-0.007390201371474448
-0.005115811292758701
0.00019109889091137826
-0.00431695527337507
-0.004451664327624074
-0.003941023028959244
-0.0059115345434388655
-0.004492390320769122
-0.007246094011115048
-0.010595023755119367
-0.01081431756436193
-0.01359308340433558
-0.011610040815042097
-0.007471653357764544
0.0010620085904747088
0.00027881641460840434
-0.00026001980238761306
-0.017427592297377004
-0.030713664368772993
-0.011130727203411918
-0.0012625057874964827
0.007029932970575949
-0.004576975075762683
-0.008342563057327874
-0.02081724803452637
-0.016089900060997357
-0.010165834442744631
-0.012775430772731158
-0.01562311752418104
-0.016895021617787918
-0.011926450454092083
-0.013188956241588567
-0.00840521843139718
-0.0033927885058528304
0.0031359014721686826
0.013875032587647449
0.00524738757830424
-0.005169068360717609
-0.008370757975659062
-0.009946540633502065
-0.0025876669490622695
0.0005451017544029479
0.0018890595281895262
-0.0022806556161226784
-0.001500596208959839
-0.004827596572039901
0.0020801584191009045
0.0013470905424900436
0.005281848034042357
0.0025876669490622695
-0.0019454493648519001
0.0037969156685998436
-0.0017668815487543827
0.006729187175043287
0.002365240371116239
0.0018264041541202218
0.0029040765881122566
0.020203225368647187
0.01456110893370633
0.003139034240872148
-0.028313963541918636
-0.04743325093916686
-0.031218040130030895
0.00611829727786757
0.057805848116340194
0.06654627279900815
0.046339914661657496
-0.010131373987006514
-0.04672524521218372
-0.06904308945566993
-0.05025274277228556
0.0018232713854167567
0.04153738023924532
0.04201356108217203
0.027474381529389958
0.008016755112167491
-0.010889504013245095
-0.007346342609625935
0.013264142690471731
0.03570729768209655
0.020397457028262032
0.024711279532933637
-0.005050023149985931
-0.0074967155073922655
-0.12152636354482271
-0.05304717245577653
-0.029021969268901774
0.03554126094081289
0.06514279241985574
0.05008357326229843
0.14739990026674196
0.13935495023624328
0.11562736007619771
0.031490591007232366
0.037771792257680126
-0.014755340593321174
-0.04724215204825548
-0.050440708894493466
-0.058206842510383744
-0.05105473156037265
-0.04319461488337842
0.023755785078376744
0.007023667433169018
0.04549093434301842
0.04788750240116932
0.031218040130030895
0.07049982690278125
0.0901391539048047
0.10855043557506978
0.016431371849675067
0.02483972304977571
-0.0375399673736237
-0.024376073281662858
-0.02721749449570581
0.008361359669548665
-0.00011591244202821305
-0.0006265537406930435
0.0039065625732211265
-0.006325060012296275
0.01251854373904701
0.02965478854700175
0.014413868804643466
0.010256684735145122
0.012358772535170284
0.018119934180842817
-0.009940275096095135
-0.00366847215175777
-0.015359964953089961
-0.025425550797323705
-0.01928532413853188
-0.01711744819573395
-0.022223861182382253
-0.032107746441815015
-0.013204620085105891
-0.042784222183224474
-0.041885117565329956
-0.0636327979047855
-0.06568789417425869
-0.0682974905042452
-0.03744911708122321
-0.007462255051654148
-0.015895668401382512
-0.0055387350677265045
-0.02398134442502624
-0.024824059206258384
-0.03492097273752678
-0.027277017101071648
-0.03744598431251975
-0.0358827327294906
-0.02847686751449883
-0.04188825033403342
-0.04773086396599605
-0.06056268457538959
-0.05397133922329877
-0.06962891720321793
-0.08233229429576938
-0.08346009102901686
-0.09119489695787249
-0.08370131421918368
-0.07420275951027715
-0.04918760141310738
-0.044867513371028844
-0.024300886832779693
-0.027414858924024118
-0.038376416617448915
-0.04173474466756363
-0.03508700947881044
-0.029285121839992854
-0.019864886348672943
-0.0033771246623355046
-0.007396466908881379
-0.04794702500653515
-0.05598257673092344
-0.07200355588044456
-0.05313175721077009
-0.04909048558329996
-0.010689006816223322
0.0012468419439791566
-0.006942215446878922
-0.019241465376683368
-0.022850414923075296
-0.013743456302101909
0.0025939324864692
0.00980556604184613
0.006578814277276957
-0.009633263763155544
-0.020933160476554583
-0.03928178677275036
-0.025870403953215767
-0.017452654447004726
-0.02396881335021238
-0.0293979015133176
-0.045525394798756544
-0.039867614520298356
-0.03947601843236521
-0.0028100935270083003
0.005225458197379983
0.025231319137708864
0.011506659447827744
0.011779210325029219
0.009182145069856552
0.024391737125180182
0.031741212503509586
0.03351122682096743
0.040819976206151784
0.022487013753473332
0.010128241218303049
0.0006390848155069044
0.005131475136276026
-0.0035901529341711394
0.0010682741278816392
0.0036058167776884652
0.0007675283323489783
0.006202882032861131
0.015212724824027097
0.021791539101304054
0.02258726235198422
0.018016552813628465
0.01994007279755611
0.015460213551600849
0.018906259125412588
0.02366806755467972
0.03184146110202047
0.023022717201765883
0.01780979007919976
0.01173221879447724
0.007872647751808091
0.00949855470890654
0.006243608026006178
0.004248034361898835
0.004818198265929504
0.02543808187213757
0.02931331675832404
0.03817591942042714
0.046346180199064425
0.04708551361308222
0.03341411099116001
0.04040331796859091
0.0429345950809908
0.038843199154265234
0.027778260093626085
0.012744103085696505
0.010024859851088697
0.030503768865640823
0.03720789389105639
0.06635517390809677
0.07924651712285614
0.0780247373285047
0.06791529272242246
0.07273662375705542
0.09399872494747386
0.12226569695884051
0.14519443109950245
0.10470026283851104
0.06701305533582447
0.034454190200710465
0.017991490664000746
0.03557572139655101
0.07490136693114989
0.08844432603623002
0.06709450732211457
0.03591719318522872
0.009094427546159526
-0.011180851502667361
0.005566929986057691
0.0355945180087718
0.061984961566762795
0.05606089594851007
0.028827737609286933
-0.008637043315453605
-0.04176607235459828
-0.048423205849461866
-0.007474786126468009
0.04622713498833275
0.08800260564904143
0.08842552942400923
0.05359853974758641
0.02062614914361499
-0.010466580238277292
-0.017781595160868576
0.003399054043259761
0.030431715185461124
0.03514026654676935
0.03292226630471597
0.016002182537300333
-0.015096812381998883
-0.030199890301404696
-0.014655091994810288
-0.0031703619279068
0.02373385569745249
0.03218293289069818
8.458475499356088e-05
-0.038639569188539995
-0.05928138217567231
-0.06926238326491249
-0.05566616709187345
-0.023564686187465368
-0.0050092971568408825
-0.00805748110531254
-0.010497907925311944
-0.01460810046425831
-0.027934898528799344
-0.03038785642361261
-0.025046485784204413
-0.0170767222025889
-0.005093881911834444
-0.0031703619279068
-0.007596964105903153
-0.014091193628186548
-0.029303918452213647
-0.03754623291103063
-0.04004304956769241
-0.024914909498658874
-0.015410089252345405
-0.001929785521334574
0.0011685227263925262
-0.0037530569067513305
-0.017007801291112665
-0.030384723654909147
-0.049363036460501435
-0.05928138217567231
-0.056248862070717984
-0.059710571488047044
-0.06290286279687811
-0.06745790849171653
-0.07070032409980304
-0.07787123166203491
-0.08076590994403678
-0.07591325122236915
-0.06914333805418081
-0.057392322647482785
-0.03935697322163353
-0.03660640229999107
-0.03888079237870681
-0.03866149856946425
-0.04162509776294235
-0.024410533737400975
-0.00395668687247657
0.014335549587056835
0.01874022238412893
0.017822321154013623
0.004930977939254252
-0.007957232506801653
-0.009016108328572896
5.952260536583913e-05
0.00873102637655756
0.00877175236970261
-0.006607009195608144
-0.031431068401866526
-0.043225942570413074
-0.040315600444893886
-0.02009044569532244
0.008615113934529349
0.02095508985747884
0.017230227869058697
0.005949127767880448
-0.004138387457277552
-0.013931422424309822
-0.010040523694606023
0.0032612122203072914
0.007794328534221461
0.009467227021871888
0.00979303496703227
0.002077025650397439
-0.010482244081794618
-0.008956585723207056
0.0012938334745311347
0.017211431256837904
0.026064635612830612
0.03895911159629344
0.03680063395960591
0.020839177415450626
0.0058018876388175825
-0.005382096632553244
0.0021177516435424873
0.018539725187107156
0.0385581172022499
0.0440968522699764
0.04014956370361023
0.021390544707260505
0.0014473391410009305
-0.011848131236505454
-0.010128241218303049
0.002694181084980087
0.009110091389676852
0.0047900033475983175
-0.011303029482102505
-0.021208844122459523
-0.034209834241840174
-0.0301904919952943
-0.024921175036065807
-0.01765941718143343
-0.004009943940435479
0.005457283081436409
0.011105665053784197
0.012036097358713365
0.014307354668725649
0.0059553933052873785
0.00676051486207794
0.00865897269637786
0.01355235741119053
0.021750813108159007
0.021443801775219415
0.020322270579378868
0.007716009316634831
0.0019517149022588306
-0.0009993532164054044
0.0036935343013854917
0.010497907925311944
0.018123066949546282
0.0050092971568408825
-0.002202336398536048
-0.006932817140768526
-0.0078538511395873
0.0008176526316044217
0.00848980318639074
0.018307900303050732
0.025588454769903898
0.029153545554447314
0.029410432588131464
0.031922913088310564
0.03274996402602538
0.030510034403047753
0.03059775192674478
0.04184125880348145
0.04927218616810094
0.053159952129101275
0.04804414083634258
0.04028427275785923
0.028326494616732496
0.03401560258222533
0.03858944488928455
0.04814125666615
0.05282787864653397
0.053225740271874045
0.043501626216318014
0.03324180871246942
0.025065282396425206
0.02361481048672081
0.028877861908542374
0.03700739669403461
0.0408638349680003
0.034472986812931254
0.028752551160403768
0.027631019964563217
0.024213169309082665
0.024235098690006923
0.021659962815758514
0.015294176810317191
0.013708995846363791
0.01244649005886731
0.014156981770959318
0.014630029845182566
0.010391393789394127
0.007424661827212566
0.004163449606905274
0.013207752853809358
0.020190694293833328
0.02684469501999345
0.026543949224460787
0.022806556161226784
0.015735897197505788
0.013934555193013287
0.011791741399843078
0.013868767050240519
0.017703275943281943
0.015103077919405813
0.013220283928623218
0.015049820851446905
0.01281302399717274
0.009680255293707522
0.005595124904388879
-0.005595124904388879
-0.010463447469573827
-0.023492632507285668
-0.018856134826157146
-0.01576095934713351
-0.0059115345434388655
-0.00524738757830424
-0.015673241823436483
-0.01864310655432151
-0.023185621174346076
-0.020710733898608554
-0.009965337245722856
-0.001453604678407861
0.0009210339988187739
-0.0053601672516289875
-0.020695070055091226
-0.02419123992815841
-0.031922913088310564
-0.028545788425975063
-0.0242820902205589
-0.022020231216657013
-0.017534106433294824
-0.027298946481995906
-0.03516846146510053
-0.04252733514954033
-0.044663883405303605
-0.04522464900322388
-0.036064433314291586
-0.02173514926464168
-0.017919436983821046
-0.022627988345129267
-0.03230824363883679
-0.0334329076033808
-0.03758382613547222
-0.028761949466514163
-0.016190148659508245
-0.011657032345594075
-0.012775430772731158
-0.02487105073681036
-0.02924752861555127
-0.037160902360504414
-0.030011924179196785
-0.02191058431203573
-0.016635001815400306
-0.016835499012422078
-0.019366776124821974
-0.02199203629832583
-0.02614922036782417
-0.019084826941510105
-0.019758372212755126
-0.013411382819534596
-0.011597509740228235
-0.011776077556325752
-0.010673342972705996
-0.011791741399843078
-0.010629484210857484
-0.015757826578430046
-0.012126947651113858
-0.010469713006980757
-0.005003031619433953
-0.0047868705788948526
-0.004006811171732013
-0.0060211814480601485
-0.010372597177173336
-0.008163995241230357
-0.008690300383412513
0.00015663843517326088
0.004727347973529013
0.007643955636455131
0.005852011938073026
0.0011497261141717348
0.003922226416738453
0.007214766324080396
0.017888109296786393
0.01963932700202345
0.021227640734680316
0.02104594014987933
0.01813246525565668
0.020591688687876874
0.018665035935245766
0.01864937209172844
0.011813670780767336
0.009319986892809022
0.0060650402099086615
0.007750469772372948
0.007534308731833848
0.006193483726750735
0.008066879411422935
0.006428441379510626
0.0015507205082152828
-0.0010275481347365913
0.007866382214401162
0.012994724581973722
0.01882793990782596
0.020729530510829344
0.025369160960661333
0.020782787578788254
0.01968318576387196
0.01989308126700413
0.026684923816116722
0.023414313289699035
0.026080299456347936
0.030156031539556184
0.025507002783613803
0.020767123735270926
0.01734614031108691
0.017242758943872557
0.01633112325116418
0.015300442347724123
0.013643207703591023
0.01072973280936837
0.0033082037508592697
0.0023715059085231698
-0.004382743416147839
-0.004075732083208248
-0.0016666329502434958
0.007922772051063535
0.009410837185209514
0.00798542742513284
0.008696565920819443
0.005848879169369561
0.008095074329754122
0.01697960637278148
0.021246437346901105
0.024056530873909406
0.019607999314988796
0.020043454164770463
0.014479656947416236
0.01983669143034176
0.01971138068220315
0.021750813108159007
0.016901287155194848
0.011099399516377265
0.012734704779586109
0.015353699415683032
0.013539826336376671
0.016011580843410728
0.01853032688099676
0.01433241681835337
0.008499201492501135
0.0055825938295750175
0.005012429925544348
0.0010338136721435218
0.010986619843052518
0.011537987134862397
0.006350122161923996
-0.010438385319946106
-0.018107403106028958
-0.012593730187930174
-0.010964690462128262
-0.010779857108623813
-0.012640721718482153
-0.02000586094032888
-0.03159083960574326
-0.02917547493537157
-0.020347332729006587
-0.00986508864721197
0.00027568364590493916
0.010726600040664905
0.010068718612937209
-0.0013063645493449957
-0.004868322565184948
-0.010140772293116909
-0.00546354861884334
-0.0068450996170715
-0.0011998504134271783
-0.002490551119254848
-0.002850819520153348
-0.009038037709497153
-0.021804070176117914
-0.02814166126322805
-0.032179800121994714
-0.030046384634934902
-0.02460476539701582
-0.02607090115023754
-0.03317602056969665
-0.038429673685407825
-0.038323159549490005
-0.03576995305616586
-0.03358328050114713
-0.0270921837475672
-0.020529033313807572
-0.017374335229418097
-0.020738928816939742
-0.02649695769390881
-0.0283891499908018
-0.02164429897224119
-0.020190694293833328
-0.014069264247262292
-0.017302281549238397
-0.01764062056921264
-0.023364188990443593
-0.015218990361434027
-0.025597853076014292
-0.019059764791882382
-0.032389695625126884
-0.011913919379278222
-0.037640215972134586
-0.002788164146084044
-0.044219030249411546
0.040650806696164665
-0.09885764920654841
-0.15077702492907746
0.05574448630946008
0.09527062904108073
0.106955856305006
-0.06235776104247515
-0.07943135047636059
-0.060033246664503964
-0.07161822532991834
0.07551852236573253
0.06544980375279533
0.02800381944027558
-0.024811528131444525
-0.009056834321717944
0.010873840169727771
-0.03025628013806707
0.016869959468160195
0.016450168461895856
0.04140893672240325
0.03719536281624253
0.016359318169495367
-0.018862400363564076
-0.016819835168904753
0.044256623473853125
0.07444711546914742
0.04711057576270994
0.024037734261688613
-0.022621722807722337
-0.038219778182275656
0.008445944424542226
0.044303615004405106
0.05845433123795749
0.020027790321253135
-0.006534955515428444
-0.021835397863152566
0.003499302641770648
0.04473280431677984
0.01853659241840369
0.02077025650397439
0.003828243355634496
0.01684176454982901
-0.0008239181690113522
0.03340784545375308
0.0049654383949923695
-0.002518746037586035
0.016443902924488926
0.03945722182014442
0.0367567751977574
0.026324655415218223
0.028683630248927533
0.004558178463541892
0.017211431256837904
0.036568809075549484
0.029435494737759183
0.0087905489819234
0.014949572252936019
0.03694787408866878
0.0260834322250514
0.025510135552317268
0.021161852591907546
-0.009626998225748614
-0.01886553313226754
0.004623966606314661
0.019780301593679384
0.01980223097460364
0.02540362141639945
0.010767326033809952
-0.0099434078647986
0.008608848397122417
0.017975826820483418
0.01760302734477106
0.024510782335911863
0.03435080883349611
0.011591244202821305
-0.006466034603952209
0.005479212462360665
0.018141863561767075
0.015300442347724123
0.030187359226590837
0.036333851422789595
0.005717302883824022
-0.011910786610574757
-0.013126300867519262
-0.006055641903798266
0.001337692236379648
0.030672938375627946
0.031496856544639296
0.007863249445697697
-0.012117549345003462
-0.009191543375966948
-0.013408250050831131
-0.00883754051247538
0.01693888037963643
0.012900741520869766
-0.0020112375076246697
-0.010125108449599584
-0.01079552095214114
-0.02219879903275453
-0.019119287397248223
-0.000964892760667287
-0.005642116434940857
-0.0034021868119632264
-0.009567475620382775
-0.018004021738814605
-0.021208844122459523
-0.014955837790342949
-0.0016572346441331
-0.00381257951211717
-0.004357681266520118
-0.0071865714057492095
-0.010942761081204006
-0.012938334745311348
-0.012054893970934157
-0.005256785884414635
-0.0005075085299613652
0.006995472514837831
-0.0016916950998712174
-0.010917698931576283
-0.019955736641073436
-0.03410332010592236
-0.033448571446898126
-0.02503082194068709
-0.021149321517093683
-0.02939163597591067
-0.037812518250825176
-0.05634911066922887
-0.05279655095949931
-0.04568829877133673
-0.030306404437322514
-0.029927339424203222
-0.030259412906770537
-0.028433008752650316
-0.036227337286871775
-0.0415123180896176
-0.03528750667583221
-0.03708571591162125
-0.04345150191706257
-0.0386301708824296
-0.035657173382841106
-0.04056935470987457
-0.049764030854544984
-0.04569769707744713
-0.0490779545084861
-0.04660620000145204
-0.036885218714599474
-0.03866776410687118
-0.03794096176766725
-0.03859571042669148
-0.03435707437090304
-0.039125148337577104
-0.04301917983598437
-0.030726195443586853
-0.03165976051721949
-0.0330820375085927
-0.03034713043046756
-0.032634051583997174
-0.0388463319229687
-0.03549426941026092
-0.019529680097402167
-0.017205165719430975
-0.01093336277509361
-0.014871253035349388
-0.02710471482238106
-0.03483012244512629
-0.02595812147691279
-0.006296865093965087
0.0014724012906286524
-1.253107481386087e-05
-0.007549972575351174
-0.017650018875323036
-0.02590799717765735
-0.015854942408237465
-0.006177819883233409
-0.00424490159319537
-0.004883986408702274
-0.007524910425723452
-0.014579905545927122
-0.021271499496528828
-0.015466479089007779
-0.0168605611620498
-0.007950966969394723
-0.006547486590242305
-0.010043656463309488
-0.015052953620150371
-0.014435798185567722
-0.009486023634092679
-0.006393980923772509
0.0007299351079073957
0.0023527092963023786
0.008671503771191722
0.003947288566366174
0.004044404396173596
0.005711037346417092
0.011459667917275766
0.009658325912783266
0.014351213430574161
0.018054146038070047
0.017164439726285927
0.01833296245267845
0.01511874176292314
0.01496836886515681
0.0147710044368385
0.018448874894706667
0.024858519661996502
0.019839824199045224
0.01446399310389891
0.0147710044368385
0.011741617100587635
0.015754693809726578
0.018605513329879926
0.023276471466746565
0.020416253640482822
0.022621722807722337
0.017111182658327017
0.01490258072238404
0.014651959226106823
0.020253349667902633
0.026603471829826628
0.027753197943998362
0.03293166461082637
0.033752450011134257
0.027007598992573642
0.026866624400917707
0.03036279427398489
0.03541908296137775
0.03907189126961819
0.03420043593572978
0.03227378318309867
0.026603471829826628
0.02301958443306242
0.02415364670371683
0.028787011616141885
0.02911595233000573
0.023232612704898053
0.022950663521586184
0.01943569703629821
0.011422074692834183
0.014485922484823166
0.016143157128956268
0.01881227606430863
0.024582836016091562
0.023997008268543566
0.013282939302692523
0.006227944182488852
0.004204175600050322
0.004708551361308222
0.016168219278583987
0.025052751321611343
0.020544697157324897
0.01260312849404057
0.0037373930632340047
-0.0035588252471364873
-0.002189805323722187
2.8194918331186958e-05
0.006206014801564596
0.004269963742823091
-0.0024404268199994046
-0.011823069086877731
-0.01646269953670972
-0.017982092357890347
-0.014911979028494435
-0.011707156644849517
-0.01106493906063915
-0.01741192845385968
-0.024548375560353445
-0.02347070312636141
-0.02880894099706614
-0.023223214398787658
-0.02556025985157271
-0.02300078782084163
-0.03369606017447188
-0.04023414845860379
-0.04106119939631861
-0.03793156346155686
-0.030036986328824507
-0.02311043472546291
-0.018229581085464103
-0.020146835531984816
-0.02926005969036513
-0.026756977496296422
-0.03290033692379171
-0.0296140625538567
-0.018790346683384376
-0.018285970922126474
-0.013815509982281609
-0.01412878685262813
-0.023736988466155955
-0.02517492930104649
-0.022584129583280755
-0.019247730914090298
-0.018383086751933897
-0.021468863924847138
-0.022418092841997098
-0.024040867030392078
-0.029704912846257193
-0.03694787408866878
-0.036174080218912864
