0.023097903650649048
0.15234967481821698
0.11656405791853382
0.09275501577219816
0.10016088098718993
-0.0644159900806518
-0.03247741314882391
-0.047561694456008934
0.05792802609577534
-0.0022430623916810956
0.08031479125073779
-0.031622167292777906
-0.05807213345613474
-0.03747417923085093
0.0034523111112186697
0.0020488307320662524
0.02315116071860796
0.06086029760221878
-0.009843159266287713
-0.028426743215243383
-0.047088646381785684
-0.06569102694296215
-0.0056264525914235305
-0.005588859366981948
0.03247428038012044
-0.04455110373197886
0.017872445453269065
-0.09249499596981055
-0.01987428465478334
-0.062326433355440504
0.028761949466514163
-0.004335751885595861
0.03355821835151941
-0.04691007856568817
-0.12332457278061175
-0.07290579326704254
-0.038999837589438494
0.019275925832421485
-0.024849121355886107
-0.03125876612317594
-0.0930400977242135
-0.09171180379394424
-0.03974543654086322
-0.02516866376363956
-0.05152151409718897
-0.07418709566675982
-0.05823190466001146
-0.08341623226716835
-0.01489631518497711
0.017039128978147317
0.022098550434243646
-0.014297956362615253
-0.003831376124337961
-0.010685874047519858
-0.03569476660728269
0.015319238959944914
0.04579794567595802
0.0062874667878546914
-0.04002112018676816
-0.060421709983733654
-0.05300644646263148
-0.06970723642080455
0.017010934059816133
-0.0050970146805379086
-0.022637386651239662
-0.08830961698198102
-0.05506467550080813
-0.06972916580172882
-0.03533136543768072
0.024495118492394535
0.02268437818179164
-0.0004291893123747348
-0.031813266183689286
-0.03701366223144154
-0.07017401895762088
-0.040610080703019615
-0.011381348699689136
-0.012496614358122753
-0.024939971648286596
-0.02584847457229151
-0.042392626095291326
-0.08111364727012141
-0.059159204196237165
-0.047051053157344105
-0.033323260698759516
-0.02498383041013511
0.004623966606314661
0.009573741157789705
-0.005485477999767596
-0.009573741157789705
-0.0070769245011279265
0.004404672797072096
0.010623218673450553
0.040603815165612685
0.030199890301404696
0.021280897802639222
0.021061603993396658
0.0076940799357105745
0.009746043436480292
0.006957879290396248
0.010761060496403022
-0.0032424156080865002
-0.0074089979836952395
0.00883754051247538
0.021509589917992185
0.04348909514150415
0.052780887115981986
0.05227337858602062
0.03270297249547341
0.02708591821016027
0.029473087962200765
0.05211047461344043
0.08133607384806744
0.08987600133371362
0.08536168163202025
0.046308586974622847
0.007396466908881379
0.0006610141964311609
0.026587807986309303
0.03986448175159489
0.056446226499036294
0.06077571284722522
0.030102774471597274
-0.003123370397354822
-0.012437091752756913
-0.007214766324080396
-0.007684681629600179
0.002302584997046935
0.016572346441331
0.014846190885721667
0.004548780157431496
-0.0031296359347617523
-0.018962648962074963
-0.039723507159938956
-0.027016997298684037
-4.072599314504783e-05
0.012365038072577213
0.01834236075878885
0.018477069813037855
2.506214962772174e-05
-0.01815126186787747
-0.009843159266287713
0.013232815003437079
0.019977666021997693
0.02514046884530837
0.03146239608890118
0.006456636297841814
-0.014335549587056835
-0.011823069086877731
-0.0017606160113474523
0.007459122282950683
0.026697454890930585
0.04331679286281356
0.011149523815632709
-0.012095619964079206
-0.02136861532633625
-0.033934150595935235
-0.03933504384070927
-0.023198152249159935
-0.017073589433885435
-0.03101754293300912
-0.03249934252974817
-0.044172038718859566
-0.06460082343415625
-0.07663692079286961
-0.07485124263189444
-0.07001738052244762
-0.0641998290401127
-0.04191017971495768
-0.051524646865892434
-0.05731087066119269
-0.052721364510616146
-0.05577268122779127
-0.07461941774783802
-0.08447510808893959
-0.08064999750200856
-0.07420589227898061
-0.08117316987548726
-0.07366705606198459
-0.0663708377516141
-0.07367018883068806
-0.09925237806318503
-0.09222557786131254
-0.10002303916423746
-0.06863582952421945
-0.07452856745543752
-0.03014036769603886
-0.05275895773505773
-0.021196313047645663
-0.08882025828064585
-0.03847979798466327
-0.13351233660428063
-0.0008552458560460044
-0.1948895410425712
-0.15081148538481556
0.23354164130592503
0.026926147006283544
0.009316854124105557
-0.19351425558174995
-0.047069849769564895
-0.0005983588223618566
0.18949178056650062
0.320187758106366
0.35252732943223747
0.05341997193148889
-0.3117731413688585
-0.5410636155441811
-0.28724982795813275
0.1192582390035139
0.28657001714948077
0.29302978621602604
-0.06425935164547854
-0.2585223389473567
-0.3569539316102338
-0.2925285432234716
0.20862046626985922
-0.06677183214565764
0.16319845283831705
-0.6220707486783847
-0.3500399110816861
-0.21015239016585371
-0.0456099795537501
-0.41088454484038756
-0.22485760645991945
0.42720626978544135
0.565351971302147
0.28583381650416645
-0.10802099766418417
-0.3079417652445205
-0.2452268685698503
-0.14166380077069715
-0.05911847820309212
-0.02787224315473004
-0.1368487352734711
-0.2203401539895226
-0.19455746756000386
-0.047333002340655975
-0.03418790486091592
0.21694736548366977
0.40882944857091436
0.4333872224373782
0.19651231523096616
0.011115063359894591
-0.16894708340917572
-0.24877942827957986
-0.011205913652295084
0.04527790607118279
0.07603856197050776
0.06242041641654446
0.0954711262381025
-0.008458475499356088
0.04090142819244188
0.18802251204457543
0.11889170506520848
0.034197303167026315
-0.024416799274807905
0.06459455789674932
0.0763236439225231
0.09030832341479182
-0.12530761536990523
-0.20153727623132436
-0.16622470740586445
0.07482931325097018
0.2600229351563165
0.24541796746076167
0.014727145674989988
-0.1803691581020099
-0.11011368715809894
0.05768993567431198
0.13875032587647448
0.11806465412749366
0.02139367747596397
-0.030829576810801205
-0.0701082308148481
-0.0005701639040306696
0.00992461125257781
0.022117347046464435
-0.004313822504671605
0.016002182537300333
0.0045049213955829824
0.014119388546517736
0.046847423191618866
-0.011193382577481223
-0.07070032409980304
-0.05244881363341467
0.00777553192200067
-0.01238696745350147
-0.047627482598781704
-0.04920013248792124
-0.09401752155969464
-0.11680841387740411
-0.07556551389628452
0.010103179068675326
0.010369464408469871
-0.004081997620615179
-0.04186945372181263
-0.07742324573743939
-0.09015168497961856
-0.05525890716042297
-0.013862501512833587
0.018730824078018536
0.036778704578681654
-0.021152454285797147
-0.099299369593737
-0.10225670324980816
-0.015432018633269661
0.07580673708645133
0.10321846324177199
0.08197829143227782
-0.028545788425975063
-0.08796187965589639
-0.05310669506114237
0.027856579311212715
0.06045930320817523
0.03542221573008122
-0.0435204228285388
-0.13420467848774645
-0.14455221351529207
-0.06546233482760919
0.03545354341711587
0.09213159480020858
0.11400145311909926
0.09536147933348123
0.030791983586359623
-0.015331770034758775
0.0004448531558920609
0.045262242227665464
0.08192190159561544
0.0889862950219295
0.04718262944288964
-0.03821037987616526
-0.11160175229224491
-0.1404514192824561
-0.1280393896793269
-0.09906754470968057
-0.061937970036210814
-0.027477514298093423
-0.008812478362847657
-0.0369729362382965
-0.07895203686473042
-0.10522030244328626
-0.09027386295905371
-0.023906157976143077
0.06299997862668552
0.10204054220926907
0.053219474734467115
-0.04556925356060505
-0.11247266199180823
-0.10673342972705996
-0.033567616657629806
0.05269943512969189
0.08241374628205948
0.04797208715616288
-0.011691492801332193
-0.03027820951899133
-0.011309295019509436
0.023395516677478245
0.0796005199863477
0.08002970929872245
0.05904329175420896
0.031236836742251684
0.005169068360717609
-0.0015319238959944914
0.03358954603855406
0.08021767542093036
0.0945532250079872
0.0952643635036738
0.06748610341004772
0.021678759427979307
-0.020939426013961513
-0.03026881121288093
-0.028100935270083
-0.02770933918214985
-0.01187632615483664
-0.01101794753008717
-0.026731915346668703
-0.042746628958782895
-0.05215746614399241
-0.05200709324622608
-0.024529578948132652
0.028896658520763167
0.060073972657649015
0.043081835210053675
0.0017198900182024044
-0.042589990523609636
-0.056117285785172444
-0.026932412543690474
0.020623016374911526
0.02065434406194618
-0.01209248719537574
-0.05269316959228496
-0.06542160883446414
-0.029538876104973535
0.05299391538781762
0.10882925198967819
0.09016421605443242
0.02682903117647612
-0.043094366284867534
-0.0706314031883268
-0.04686308703513619
0.014028538254117245
0.07268963222650345
0.07800280794758045
0.03969531224160777
-0.0054948763058779914
-0.03961386025531768
-0.034006204276114935
0.00010338136721435218
0.038461001372442474
0.04529983545210704
0.013361258520279152
-0.03597671579059456
-0.08475705727225147
-0.1044245791926061
-0.06899296515641448
-0.019138084009469016
0.03027507675028786
0.029789497601250752
0.03233330578846451
-0.0032612122203072914
-0.024777067675706407
-0.04009630663565132
-0.0026973138536835525
-0.003643410002130048
0.03847039967855287
0.006397113692475974
0.04534682698265902
-0.11669563420407936
-0.05686288473659716
0.21140549764723982
0.027339672475140953
0.12834013547485956
-0.164868218557264
0.06267417068152514
-0.0026095963299865264
0.0910946483593616
0.08970996459242997
-0.11263556596438844
-0.2996242643368203
-0.3475211650441
0.015447682476786987
0.04466701617400707
0.10814004287491584
-0.20193827062536793
-0.07445651377525783
-0.15612466110589257
0.10050861831327458
0.24578136863036365
0.294160715717977
0.015425753095862731
-0.06675616830214032
-0.041017340634470094
-0.3410269355218167
-0.11448076673072945
-0.06046556874558216
0.8474859879675211
0.7776440424924675
0.4523467386307497
-0.31186399166125894
-0.8752203892992986
-0.495325192473589
0.05121136999554591
0.7475224714086495
0.41042402784097815
-0.04667198814422481
-0.7122161681205964
-0.6238282319210288
-0.20380226800392973
0.46318611834473933
0.7982106690307167
0.5723098505925432
0.31901296984256655
-0.08215685924837533
-0.0807909720936645
-0.16411948683713581
0.14561108933706332
0.24714099024766756
0.2668053793993187
-0.040447176730439426
-0.436018748148289
-0.6370015243191001
-0.521270782875688
-0.006560017665056166
0.3581882424793991
0.445695870673293
0.1572775199887678
-0.21261787913548086
-0.3340533923879031
-0.1244649005886731
0.2447945464887721
0.3205887525004096
0.18233966961648954
-0.085339752251096
-0.23107301956759443
-0.20568506199471231
-0.11242880322995973
-0.0028445539827464178
-0.0108801057071347
0.057433048640627836
-0.06370171881626173
-0.11605028385116552
-0.30260666014251925
-0.29731854657106993
-0.22182195358626167
-0.11505719617216704
-0.04598904456686939
-0.10450916394759965
-0.06035905460966435
-0.039999190805843896
0.11753208344790457
0.13858428913519083
0.05552832526892098
-0.08466933974855444
-0.0781249859270156
0.018232713854167568
0.12831820609393532
0.17856155056011047
0.10251672305219578
-0.03498676088029955
-0.09133900431823189
-0.08166814733063475
-0.0564900852608848
-0.04169401867441858
0.04088889711762802
0.03592972426004258
-0.032916000767309044
-0.12896355644684915
-0.09236341968426501
-0.04154991131405918
0.06129888522070391
0.13056440125431987
0.08512045844185342
-0.050992076186303345
-0.18091112708770937
-0.15349940093238873
-0.12577753067542502
-0.004269963742823091
0.07355427638865984
0.0836010656206728
-0.01021909151070354
-0.0981559090169722
-0.14671382392068308
-0.15303888393297935
-0.06133334567644203
0.021544050373730302
0.050697595928177616
0.0047868705788948526
-0.03867402964427811
-0.06113911401682719
-0.059644783345274274
0.006939082678175457
0.02715170635293304
-0.008398952893990248
-0.0562112688462764
-0.04623340052573968
-0.026368514177066735
0.010873840169727771
0.06091042190147423
0.04128989151167157
-0.01978969989978978
-0.08323766445107084
-0.06694100165564477
-0.04514006424823032
0.021349818714115457
0.07173413777194655
0.05951320705972874
-0.01634365432597804
-0.10419588707725314
-0.13928602932476702
-0.14099338826815558
-0.08564363081533212
-0.013859368744130122
0.0212558356530115
0.01670392272687654
-0.009050568784311014
-0.0017449521678301262
-0.008959718491910523
-0.022057824441098595
-0.018088606493808165
-0.006566283202463096
0.013207752853809358
0.02286921153529609
0.010829981407879257
-0.04354548497816652
-0.08210046941171295
-0.09364785485268574
-0.05460729127010221
-0.016450168461895856
0.028342158460249824
0.04522464900322388
0.02238363238625898
0.017101784352216622
0.025779553660815274
0.02447945464887721
-0.009849424803694645
-0.01754350473940522
-0.01836742290841657
-0.011628837427262888
0.010391393789394127
0.039710976085125096
0.04421276471200462
0.02508721177734946
0.027502576447721146
0.0384046115357801
0.03652808308240444
0.037016795000145014
0.047370595565097554
0.039861348982891426
0.012459021133681171
0.014288558056504858
0.017270953862203745
0.036424701715190085
0.05721375483138527
0.07463194882265188
0.05591678858815067
0.02386229921429456
0.01914748231557941
0.026957474693318197
0.060355921840960884
0.1117646562648251
0.10980667582515934
0.07625159024234339
0.03959506364309689
0.041142651382608704
0.025538330470648452
-0.01029741072829017
-0.03325433978728328
-0.06061594164334849
-0.0570759130084328
-0.07627351962326766
-0.08085989300514074
-0.09747923097702371
-0.12934262145996844
-0.16493087393133332
-0.16187642444545472
-0.13324291849578263
-0.0691903295847328
0.011030478604901032
0.09192796483448334
0.08116690433808033
0.026747579190186027
-0.05672817568234816
-0.08576580879476726
-0.03403753196314959
0.03502122133603767
0.11766992527085704
0.11892303275224313
0.0765304066569518
-0.03068233668173834
-0.07321280459998214
-0.06250186840283456
-0.025463144021765288
0.046064231015752556
0.07104806142588767
0.06499555229079287
0.004185378987829531
-0.06974796241394961
-0.09445924194688324
-0.09492602448369956
-0.061703012383450925
-0.02374012123485942
0.04594205303631742
0.0349554331932649
0.00402874055265627
-0.010078116919047605
-0.05422822625698292
-0.051477655335340454
-0.05277775434727852
-0.025745093205077157
-0.03456383710533174
-0.03443539358848967
-0.049262787861990544
-0.06990773361782633
-0.07297158140981531
-0.06593538290183243
-0.026813367332958797
-0.004135254688574087
0.04363633527056702
0.054153039808099754
0.04961365795677865
0.04815065497226039
0.055559652955955635
0.06655253833641508
0.06453503529138348
0.07900842670139278
0.07201921972396189
0.04904975959015491
0.01585807517694093
-0.01498089993997067
-0.04562251062856396
-0.04598277902946246
-0.029263192459068596
0.009279260899663975
0.03113972091244426
0.029592133172932446
0.01182933462428466
-0.022289649325155023
-0.024056530873909406
-0.017082987739995833
0.0038846331922968696
0.023699395241714372
0.01916001339039327
0.005971057148804705
-0.02338611837136785
-0.04531863206432784
-0.04485184952751152
-0.02380590937763219
0.010231622585517401
0.028091536963972607
0.036155283606692075
0.023220081630084193
0.012997857350677188
0.013301735914913314
0.010942761081204006
0.007866382214401162
-0.0002474887275737522
0.02205469167239513
0.04513379871082339
0.07361693176272915
0.09401438879099118
0.0797728222650383
0.04300038322376357
0.007455989514247217
-0.006303130631372018
-0.008427147812321435
0.016663196733731494
0.02858651441912011
0.013242213309547475
-0.008781150675813004
-0.03287527477416399
-0.03278755725046697
-0.016168219278583987
0.028492531358016153
0.060277602623374255
0.08892990518526712
0.09506073353794856
0.10005436685127211
0.10142651954338988
0.11241940492384933
0.12722800258512942
0.12791094616248483
0.10932736221352916
0.07032752462409067
0.03936323875904046
0.01143773853635151
0.002806960758304835
0.001986175357996948
0.0066164075017185395
0.0064378396856210225
-0.014009741641896454
-0.03132768703465218
-0.04575095414540604
-0.047201426055110435
-0.03493037104363718
0.0023840369833370307
0.04719829328640697
0.07947520923820911
0.08182478576580801
0.05062867501670138
0.020977019238403095
0.003787517362489448
0.005466681387546805
0.029119085098709196
0.06554065404519582
0.07283373958686284
0.05704771809010161
0.018123066949546282
-0.024585968784795027
-0.0580126108507689
-0.05866422674108966
-0.029808294213471545
0.004840127646853761
0.032358367938092235
0.042004162776061636
0.045453341118576844
0.03454190772440749
0.031274429966693267
0.03154698084389474
0.0423675639456636
0.055769548459087805
0.07439385840118852
0.07756422032909532
0.06527750147410474
0.027280149869775113
-0.01654728429170328
-0.04389948784165809
-0.050716392540398406
-0.03588899826689753
-0.023705660779121302
-0.006688461181898239
-0.0016353052632088435
-0.004160316838201809
-0.015563594918815201
-0.01390009473727517
0.00011904521073167827
0.012064292277044553
0.022963194596400043
0.02503708747809402
0.025503870014910335
0.027458717685872634
0.037825049325639036
0.043968408753134326
0.04490510659547043
0.020253349667902633
-0.010121975680896117
-0.025926793789878142
-0.020704468361201624
0.005729833958637883
0.021005214156734283
0.016299795564129527
-0.013549224642487066
-0.039040563582583544
-0.059516339828432206
-0.05474826586175814
-0.040957818029104254
-0.024708146764230172
-0.019592335471471472
-0.01524405251106175
-0.016014713612114193
-0.01666632950243496
-0.009257331518739718
-0.015926996088417165
-0.015532267231780549
-0.015059219157557301
-0.015582391531035992
-0.007803726840331857
-0.003768720750268657
-0.014623764307775636
-0.0185898494863626
-0.0294793534996077
-0.02690421762535929
-0.008035551724388284
0.012496614358122753
0.027358469087361746
0.014229035451139018
-0.0006453503529138348
-0.004357681266520118
-0.009254198750036254
0.003699799838792422
0.018188855092319052
0.018467671506927456
0.0005826949788445304
-0.012656385561999479
-0.0054948763058779914
0.003411585118073622
0.025331567736219748
0.03806627251580586
0.0417284791301567
0.03592972426004258
0.03289407138638478
0.03110839322540961
0.031039472313933374
0.018098004799918563
0.01801968558233193
0.020920629401740724
0.02901257096279138
0.027145440815526112
0.00683883407966457
-0.020695070055091226
-0.03370232571187881
-0.03139660794612841
-0.005895870699921539
0.007600096874606618
0.020331668885489262
0.019398103811856627
0.009730379592962966
-0.0006798108086519522
0.00596792438010124
0.027424257230134516
0.05133668074368452
0.059942396372103475
0.05567243262928038
0.04776532442173417
0.0404221145808117
0.0528341441839409
0.05823817019741839
0.05459476019528835
0.03354568727670555
0.012333710385542561
-0.008189057390858078
-8.145198629009566e-05
0.030168562614370044
0.03523111683916984
0.02561351691953162
-0.0007800594071628392
-0.03274683125732192
-0.03714210574828362
-0.017349273079790374
0.01624340572746715
0.030124703852521532
0.02561978245693855
0.0016353052632088435
-0.005382096632553244
-0.021948177536477313
-0.017277219399610674
-0.016719586570393866
-0.025663641218787062
-0.038147724502095956
-0.058870989475518366
-0.0593001787878931
-0.050716392540398406
-0.03019675753270123
-0.022969460133806976
-0.013467772656196971
-0.004627099375018127
0.0052066615851591915
0.010996018149162914
0.02470188122682324
0.047333002340655975
0.051675019763658764
0.06668724739066409
0.07847898879050716
0.09301503557458578
0.09130454386249377
0.07101360097014955
0.050453239969307326
0.025970652551726654
0.03041291857324033
0.04426288901126006
0.0436739284950086
0.023022717201765883
0.014207106070214762
0.003267477757714222
-0.0012280453317583652
0.007653353942565526
0.0200309230899566
0.016334256019867644
0.006848232385774966
-0.0010996018149162913
-0.006920286065954666
-5.32570679589087e-05
0.017546637508108684
0.03306637366507537
0.042812417101555665
0.05845746400666096
0.05301897753744534
0.043147623352826445
0.030932958178015557
0.01659114305355179
0.012916405364387092
0.0021992036298325826
-0.005839480863259166
-0.016625603509289908
-0.034466721275524324
-0.04382430139277493
-0.042333103489925486
-0.036149018069285145
-0.03575115644394506
-0.03672231474201928
-0.023827838758556444
-0.02037866041604124
-0.02521252252548807
-0.02535036434844054
-0.015576125993629062
-0.004035006090063201
0.0071333143377903
0.016158820972473592
-0.004288760355043883
-0.039494815044586
-0.06020868171189802
-0.05928764771307924
-0.04177233789200521
-0.013038583343822236
-0.004191644525236461
-0.0071207832629764396
-0.019968267715887295
-0.03490530889400945
-0.0274524521484657
-0.013282939302692523
0.010475978544387688
0.03154698084389474
0.042254784272338856
0.03754310014232717
0.032489944223637775
0.03557885416525448
0.04550033264912882
0.05276835604116813
0.0585169866120268
0.0408638349680003
0.02778765839973648
0.007139579875197231
0.0015726498891395393
-0.0012844351684207392
-0.0034930371043637174
-0.01015330336793077
-0.02696060746202166
-0.034125249486846615
-0.044532307119758065
-0.04338258100558633
-0.05161236438958946
-0.036076964389105445
-0.019019038798737335
-0.004301291429857744
0.006926551603361596
0.006666531800973983
0.004150918532091413
-0.00734320984092247
-0.0001973644283183087
0.013420781125644992
0.021318491027080805
0.034592032023662934
0.03310396688951695
0.015366230490496893
-0.0001253107481386087
-0.014642560919996427
-0.010090647993861467
-0.008336297519920944
0.004962305626288905
0.00892839080487587
-0.0011747882637994566
-0.02305091212009707
-0.03310083412081349
-0.029789497601250752
-0.033567616657629806
-0.025444347409544498
-0.022753299093267874
-0.02504335301550095
-0.03670351812979849
-0.03059775192674478
-0.033520625127077826
-0.031098994919299214
-0.033940416133342165
-0.030024455254010644
-0.0329285318421229
-0.038016148216550416
-0.038981040977217704
-0.04814438943485346
-0.0508698982068682
-0.052596053762477536
-0.04865816350222176
-0.055199384555057136
-0.05198829663400528
-0.04724841758566241
-0.04830102787002673
-0.034927238274933714
-0.0264437006259499
-0.017452654447004726
-0.021161852591907546
-0.019316651825566532
-0.026882288244435032
-0.030469308409902706
-0.017787860698275506
-0.009633263763155544
-0.0014880651341459784
-0.003251813914196896
-0.010372597177173336
-0.018389352289340827
-0.022831618310854507
-0.0152033265179167
-0.006049376366391335
0.006757382093374474
0.0024122319016682174
-0.0028602178262637436
-0.012787961847545017
-0.013890696431164775
0.0016227741883949828
0.017371202460714632
0.024388604356476717
0.01223659455573514
0.008311235370293222
0.0004291893123747348
-0.0020958222626182303
0.011447136842461904
0.02624946896633506
0.029278856302585924
0.027029528373497896
0.029676717927926005
0.027771994556219155
0.023586615568389622
0.013320532527134105
0.017684479331061154
0.01352729526156281
0.014843058117018202
0.00431695527337507
0.004514319701693379
-0.0019047233717068522
-0.012245992861845535
-0.01908169417280664
-0.029598398710339376
-0.026666127203895933
-0.01618701589080478
0.005219192659973053
0.009548679008161982
0.013890696431164775
0.006926551603361596
0.0011841865699098522
0.010582492680305505
0.026475028312984553
0.03987074728900182
0.057890432871333754
0.06683135475102349
0.06218545876378457
0.0456914315400402
0.04183812603477798
0.030024455254010644
0.031832062795910075
0.02548194063398608
0.0286053110313409
0.01848020258174132
0.013232815003437079
0.010673342972705996
0.005050023149985931
0.014940173946825622
0.018101137568622028
0.018461405969520527
0.010335003952731753
0.0293979015133176
0.04696646840235054
0.03995219927529192
0.02382470598985298
0.005958526073990843
-0.003251813914196896
-0.0060650402099086615
-0.0017104917120920088
0.012277320548880187
0.01375598737691577
0.013505365880638553
-0.0003978616253400826
0.005886472393811144
0.002534409881103361
0.0023245143779711914
0.007296218310370492
0.018220182779353705
0.021193180278942198
0.019905612341817994
0.013875032587647449
0.00712704880038337
0.017906905909007183
0.028373486147284476
0.038908987297038004
0.03273116741380459
0.01758736350125373
-0.014335549587056835
-0.025466276790468752
-0.018298501996940334
-0.007803726840331857
0.012734704779586109
0.028085271426565677
0.035466074491929726
0.026678658278709792
0.01368393369673607
0.004345150191706257
0.005034359306468604
0.02332659576600201
0.030804514661173486
0.04340451038651059
0.023574084493575762
0.0012343108691652957
-0.012506012664233148
-0.004047537164877061
0.0044579298650310045
0.029272590765178994
0.05418123472643094
0.018665035935245766
0.11302402928361811
0.03720162835364946
0.007333811534812074
-0.03478626368327777
0.007700345473117505
0.020529033313807572
0.06068172978612126
0.08828142206364983
0.11507286001568437
0.051596700546072134
0.07326606166794104
0.1255269091791478
0.20884289284780527
0.17383733535528492
0.1502695163991161
0.11259797273994684
0.03331386239264912
0.010027992619792161
0.04165015991257007
0.08148018120842684
0.07960678552375465
0.08269882823407482
0.038191583263944465
-0.005003031619433953
-0.008558724097866975
0.016628736277993376
0.06720102145803238
0.10698405122333718
0.10633556810171987
0.04990500544620092
0.001409745916559348
-0.053943144304967584
-0.03254320129159668
0.03408765626240503
0.08866675261417606
0.09200001851466305
0.04331992563151703
0.010482244081794618
-0.029166076629261177
-0.003383390199742435
0.03316035672617933
0.09392353849859068
0.09261717394924569
0.08183731684062188
0.05000212127600834
0.024025203186874754
0.011729086025773775
0.031662893285922956
0.05731713619859962
0.0763048473103023
0.08634537100490833
0.06722608360766011
0.02800381944027558
0.028119731882303795
0.03166602605462642
0.02542241802862024
0.032101480904408085
0.030773186974138833
0.009094427546159526
0.01079552095214114
0.012922670901794022
-0.006816904698740313
-0.028749418391700303
-0.017552903045515614
-5.32570679589087e-05
0.005983588223618565
0.02695434192461473
0.018254643235091822
0.0012719040936068782
-0.015291044041613727
-0.01182933462428466
0.009670856987597126
0.018737089615425466
0.04365513188278781
0.042549264530464585
0.034184772092212455
0.016143157128956268
0.00046051699940938696
-0.025463144021765288
-0.027063988829236014
-0.01699840298500227
-0.001613375882284587
-0.0031891585401275916
-0.014733411212396918
-0.03599551240281535
-0.0650644732022691
-0.07907421484416556
-0.06885199056475855
-0.051183175077214725
-0.035340763743791116
-0.025485073402689545
-0.0402780072204523
-0.06902742561215261
-0.09230702984760264
-0.08845372434234042
-0.08556217882904202
-0.05634284513182194
-0.0355224643285921
-0.03651241923888711
-0.05631151744478729
-0.06708824178470764
-0.06012722972560792
-0.05669684799531351
-0.040801179593930995
-0.016459566768006254
-0.014297956362615253
-0.010942761081204006
-0.01752157535848096
-0.035854537811159416
-0.04200103000735817
-0.045017886268795174
-0.039902074976036477
-0.03475180322753966
-0.026355983102252876
-0.02513420330790144
-0.021929380924256524
-0.02624946896633506
-0.029147280017040384
-0.036575074612956414
-0.03192604585701403
-0.021907451543332266
-0.013232815003437079
-0.005391494938663639
-0.000704872958279674
-0.0110242130674941
-0.03129009381021059
-0.036568809075549484
-0.029350909982765624
-0.01258433188181978
0.004291893123747348
0.018452007663410132
0.02304464658269014
0.0165002927611513
-0.010237888122924331
-0.027562099053086986
-0.017029730672036923
0.011954645372423271
0.036634597218322254
0.04982981899731775
0.046978999477164406
0.01143147299894458
-0.022408694535886703
-0.03902803250776968
-0.025801483041739532
0.0001597712038767261
0.0265157543061296
0.02920993539110969
0.012578066344412848
-0.0206794062115739
-0.04562564339726743
-0.052524000082297836
-0.03809760020284051
-0.0021302827183563478
0.0244261975809183
0.040519230410619125
0.03981435745233945
0.036543746925921765
0.022505810365694122
0.017314812624052257
0.032377164550313024
0.047298541884917854
0.06277128651133257
0.07234816043782573
0.06694413442434824
0.044453987902171435
0.02043818302140708
0.008637043315453605
0.0017324210930162653
0.016027244686928052
0.03313216180784814
0.04555045694838426
0.039999190805843896
0.028768215003921092
0.015576125993629062
0.004529983545210704
0.012299249929804443
0.031202376286513567
0.04333245670633089
0.04407805565775561
0.040885764348924554
0.028433008752650316
0.025507002783613803
0.029648523009594818
0.04407805565775561
0.044999089656574384
0.03967025009198005
0.024896112886438084
0.019830425892934826
0.0006359520468034391
0.016349919863384972
0.004354548497816652
0.024874183505513826
-0.007659619479972457
0.0206794062115739
-0.02656901137408851
0.02187299108759415
-0.04980475684769003
0.048686358420552946
-0.12614406461373046
-0.03570103214468962
0.2373197603623041
0.055465669894851674
-0.0721351321659901
-0.23960981428453718
-0.12739403932641308
0.010059320306826814
0.1825401668135113
0.23272398867432062
0.14564554979280142
-0.12433645707183102
-0.21089798911727844
-0.2096135539488577
-0.01752784089588789
0.0020676273442870436
0.14640994535644694
0.045321764833031304
0.021334154870598133
-0.1787933754441669
-0.09089101839363636
-0.13207752853809357
0.05687228304270756
0.053247669652798306
-0.07908048038157249
-0.17229601315318002
-0.49082966938411643
-0.26779846707831717
-0.2335353757685181
0.08385481988565348
0.11888857229650501
0.2167374699805376
-0.030842107885615068
-0.15336469187813973
-0.22884562101943068
-0.12136659234094599
-0.05905895559772628
-0.05176273728735579
-0.1283464010122665
-0.22345099331206358
-0.2575731100302067
-0.188194814323266
-0.07159942871769755
0.04261818544194082
0.0798354776391076
0.07793388703610422
0.03375558277983772
-0.07230430167597722
-0.12109090869504105
-0.1016677427335567
-0.030425449648054194
-0.0385581172022499
-0.055133596412284366
-0.11512611708364329
-0.15278512966799865
-0.08238555136372828
-0.042273580884559646
0.029047031418529497
-0.012239727324438605
0.011541119903565862
-0.0815929608817516
-0.06299058032057513
-0.05613294962868977
0.07519271442057215
0.04825090357077128
-0.021581643598171885
-0.13292337608802918
-0.17856468332881392
-0.12513844585991812
-0.0321359413601462
0.1317799155112644
0.14231228389231443
0.040788648519117135
-0.05554398911243831
-0.0667843632204715
-0.024260160839634646
0.042398891632698256
0.08617306872621774
0.044494713895316486
-0.00011277967332474783
-0.062398487035620204
-0.08621066195065932
-0.029958667111237874
0.0489244488420163
0.118349736079509
0.08891737411045327
0.025845341803588044
-0.0758819235353345
-0.09444671087206938
-0.038730419480940484
0.0627869503548499
0.09817470562919299
0.06158083440401578
-0.008245447227520453
-0.07440325670729891
-0.0786105650760527
-0.041280493205561174
0.005949127767880448
0.011998504134271783
-0.006237342488599248
-0.031471794395011576
-0.05048770042504545
-0.03835448723652466
0.006688461181898239
0.01737746799812156
0.0087905489819234
-0.007455989514247217
-0.012953998588828675
-0.02042251917788975
-0.020491440089365986
0.014636295382589497
0.06883632672124122
0.09626058395137574
0.09860702771027119
0.07709743779227901
0.0468442904229154
0.032521271910672424
0.04192897632717847
0.05605463041110314
0.04016209477842409
0.0004573842307059218
-0.050926288043530575
-0.11012935100161626
-0.11631970195966353
-0.09129514555638336
-0.031615901755370976
0.045017886268795174
0.07802160455980124
0.0724860022607782
0.041070597702429004
0.03000879141049332
0.038388947692262775
0.07815004807664332
0.1029647089767913
0.08629524670565289
0.04034379536322507
-0.01677597640705624
-0.04673151074959065
-0.048955776529050955
-0.02713290974071225
-0.01767508102495076
-0.02400014103724703
-0.03306010812766844
-0.051668754226251834
-0.053777107563683924
-0.03542534849878468
-0.017765931317351248
-0.0005920932849549261
0.0059334639243631224
-0.0028288901392290915
-0.019191341077427922
-0.027220627264409276
-0.02663479951686128
-0.025472542327875686
-0.02772187025696371
-0.01610869667321815
-0.02468935015200938
-0.03264344989010757
-0.04454483819457193
-0.0451870557787823
-0.04818198265929505
-0.04982042069120735
-0.02918800601018543
-0.013470905424900436
-0.004871455333888414
-0.023802776608928725
-0.036214806212057915
-0.04441952744643332
-0.03864270195724346
-0.005012429925544348
0.026547081993164252
0.04132121919870622
0.04208561476235173
0.027195565114781554
0.01345524158138311
0.00028194918331186957
0.015109343456812745
0.006469167372655674
-0.011105665053784197
-0.026919881468876614
-0.049717039323993004
-0.05852638491813719
-0.06267730345022861
-0.03987388005770529
-0.022436889454217887
-0.013495967574528157
-0.02293499967806886
-0.02936030828887602
-0.03870849010001623
-0.03506821286658965
-0.02151898822410258
-0.016588010284848326
-0.007242961242411583
-0.01639064585653002
-0.033862096915755535
-0.051931906797342914
-0.03952927550032412
-0.020190694293833328
0.0026722517040558306
0.03519665638343172
0.055518926962810584
0.05613608239739323
0.040506699335805266
0.023567818956168832
0.007427794595916031
0.004586373381873079
0.02186672555018722
0.048861793467947
0.05444752006622548
0.041806798347743326
0.02375265230967328
0.00937324396076793
0.010215958742000075
0.016616205203179513
0.04558178463541892
0.05458849465788142
0.04610808977760107
0.016255936802281015
-0.014078662553372688
-0.029896011737168573
-0.02764981657678401
0.008615113934529349
0.028915455132983957
0.03089849772227744
0.013464639887493505
-0.004482992014658726
-0.013680800928032606
-0.0004636497681128522
0.009915212946467413
0.03124623504836208
0.008925258036172405
0.010200294898482749
-0.02993047219290669
-0.007722274854041761
-0.040058713411209736
0.013759120145619235
-0.024363542206848998
0.04418143702496996
-0.12183650764646578
-0.04837621431890989
0.23961294705324063
0.13795460262579431
0.12520423400269087
-0.1976808379573587
0.019169411696503668
-0.00424490159319537
0.31918527212125714
0.4123475478249058
0.2590079180963938
-0.23684044675067392
-0.5905456972154143
-0.3408452349370157
-0.189999289096462
-0.016459566768006254
-0.08788356043830975
-0.004335751885595861
-0.07359813515050835
0.004398407259665165
0.15769417822632867
0.1637968116606789
-0.23443134761770917
-0.2914477380207761
-0.9850709238863065
-0.3587145476215813
0.4293177558915769
1.0290361998707374
1.3688820815913476
0.600254147427453
-0.03210461367311155
-0.8827860257181671
-0.6844629701765981
-0.11950886049979112
0.14663550470309644
0.17369949353233247
-0.25394223110289055
-0.7512692627779938
-0.8629462015191219
-0.4045124932975393
0.22327242549596604
0.7552666756436155
0.8989103862349026
0.7532397742924735
0.2468214478399141
0.03029700613121212
0.06705064856026605
0.24751378972337992
0.3919908167897888
0.30121571083818066
-0.11842492252839215
-0.6042985518236266
-0.7639914364827661
-0.5523165207270283
-0.152619092926715
0.20370201940541885
0.34491156871411355
0.17715807018095805
0.015554196612704805
-0.07420275951027715
0.07575348001849243
0.15784141835539153
0.3706817240688184
0.2670747975078167
0.140235258241917
-0.1175477472914219
-0.1885644810302749
-0.2374701332600704
-0.10268275979347943
0.07430927364619495
0.11606281492597938
-0.00885633712469617
-0.2194692442899593
-0.3585955024108496
-0.4187603253608991
-0.17753086965667042
-0.06825989727980362
-0.024285222989262365
-0.09458141992631838
-0.07265203900206187
-0.00862764500934321
0.1550783163589352
0.3215473797236699
0.25310578185906535
0.00777553192200067
-0.11844998467801987
-0.11407663956798243
0.03846413414114594
0.22475109232400164
0.27929572822003457
0.09290225590126103
-0.1296151723371699
-0.2370315456415853
-0.22438769115439966
-0.049196999719217774
0.1559178983714639
0.23036188107190783
0.08916799560673049
-0.03255573236641054
-0.1316420736883119
-0.07418709566675982
0.10190583315502007
0.3054386830504518
0.27466549607631296
0.11708723029201251
-0.12490662097586169
-0.2697376509057622
-0.27128210587657053
-0.10891383674467175
0.06343230070776372
0.05987347546062724
-0.027612223352342428
-0.15102138088794775
-0.21539977774415797
-0.1416857301516214
0.050177556323402386
0.19073862251047977
0.17845816919289612
0.09768599371145241
-0.019122420165951688
-0.12658265223221557
-0.13922024118199428
-0.07105119419459113
-0.040039916798988946
-0.08016755112167492
-0.11336550107229583
-0.1406957752413264
-0.14310174160558767
-0.0954711262381025
0.009874486953322366
0.0569944610221427
0.07707550841135474
0.06322240520463156
0.023749519540969814
-0.012054893970934157
-0.03522798407046637
-0.02306344319491093
-0.008107605404567984
0.01733987477367998
-0.010989752611755983
-0.09350374749232634
-0.1562217769357
-0.18269367247998108
-0.13945519883475416
-0.04675030736181144
0.04955726812011628
0.06936263186342338
0.005930331155659657
-0.08911473853877158
-0.1542136721967788
-0.12053327586582424
-0.03327000363080061
0.060073972657649015
0.0886166283149206
0.0606065433372381
-0.012336843154246028
-0.06513965965115227
-0.05472633648083389
-0.014373142811498419
0.014510984634450887
0.012953998588828675
-0.0036277461586127218
-0.04987681052786973
-0.0719910248056307
-0.07116397386791588
-0.07224164630190792
-0.08915546453191663
-0.08502020984334253
-0.04437253591588134
0.008527396410832323
0.061831455900293
0.08198142420098128
0.06473553248840526
0.020040321396067
0.0051878649729384
0.029416698125538394
0.056057763179806604
0.06441912284935526
0.011459667917275766
-0.07237635535615693
-0.12222497096569547
-0.10518270921884468
-0.030011924179196785
0.04194777293939926
0.08807152656051766
0.04687561810995005
-0.021732016495938214
-0.05694746949159073
-0.028038279896013697
0.042261049809745786
0.10871333954764997
0.1328043308772975
0.09444671087206938
0.027421124461431048
-0.006719788868932892
-0.005068819762206722
0.016155688203770127
0.026061502844127143
0.008737291913964492
-0.03335772115449764
-0.07419022843546329
-0.08981334595964433
-0.09699678459669006
-0.08694686259597365
-0.07900529393268932
-0.07806546332164975
-0.09171806933135117
-0.07730106775800424
-0.026428036782432576
-0.0003759322444158261
0.026174282517451894
0.03482072413901589
0.009564342851679309
-0.03520605468954212
-0.04773086396599605
-0.03906875850091473
-0.012900741520869766
0.01650655829855823
0.023953149506695054
0.018561654568031414
-0.03251187360456203
-0.03192604585701403
-0.09148937721599822
0.09987266626647114
-0.001857731841154874
-0.029996260335679457
-0.0008082543254940262
0.026731915346668703
0.17611485820270414
0.153023220089462
0.10835620391545495
-0.008527396410832323
-0.07568769187571965
-0.009686520831114452
0.03472047554050501
0.11227529756348993
0.12253824783604199
0.051477655335340454
-0.09476312051111936
-0.19672847627150528
-0.20209804182924465
-0.1997077393085007
-0.10334690675861406
-0.05445691837233588
-0.016989004678891875
-0.0645068403730523
-0.06287780064725038
-0.05003658173174645
-0.005212927122566122
0.14539806106522768
0.12221557265958506
0.15856195515718852
0.04980475684769003
0.024322816213703947
0.04794075946912822
0.13903227505978635
0.1578790115798331
0.14140064819960607
0.017900640371600253
-0.06486397600524733
-0.11095326917062762
-0.1051545143005135
-0.04847959568612424
0.03348616467133971
0.03771226965231429
-0.03274056571991499
-0.06794975317816057
-0.12252571676122813
-0.11951825880590151
-0.01531610619124145
0.07496088953651572
0.11454342210479874
0.028965579432239402
-0.06212593615841873
-0.17877144606324263
-0.22435323069866156
-0.1454857785889247
-0.03687582040848907
0.014178911151883574
-0.05803767300039662
-0.13098419226058422
-0.19889321944559973
-0.1710554367466078
-0.05416243811421015
0.05386795785608441
0.10447470349186154
0.07227610675764604
-0.010172099980151561
-0.03374931724243079
0.022759564630674807
0.12832447163134225
0.15234967481821698
0.17109616273975287
0.08775198415276421
0.02510914115827372
-0.038382682154855845
-0.018849869288750213
-0.0020895567252113
-0.026897952087952356
-0.05182539266142509
-0.09354134071676794
-0.09672736648819205
-0.09147684614118436
-0.03717030066661481
-0.027277017101071648
-0.0135460918737836
0.021587909135578814
0.06350748715664689
0.11632596749707046
0.15276633305577786
0.17559481859792891
0.1406487837107744
0.10098479915620129
0.0791775962113799
0.07396466908881379
0.06804373623926453
0.06337277810239789
0.03524991345139063
0.012615659568854432
-0.0025438081872137565
-0.004924712401847322
-0.006393980923772509
0.005454150312732944
0.003107706553837496
-0.0005607655979202739
0.004868322565184948
0.03686955487108214
0.05602956826147542
0.06121116769700689
0.03603937116466386
0.01997453325329423
0.0056891079654928355
0.026716251503151375
0.04569769707744713
0.040848171124482975
0.019019038798737335
-0.026935545312393942
-0.044250357936446195
-0.031850859408130865
-0.006174687114529944
-0.014648826457403357
-0.0493661692292049
-0.07136760383364112
-0.07034005569890453
-0.02232410978089314
0.04728287804140053
0.09675556140652325
0.08108545235179022
0.042740363421375965
0.022214462876271858
0.031183579674292777
0.07598530490254886
0.12304575636600334
0.12558329901581017
0.05009610433711229
-0.024404268199994045
-0.06534015684817404
-0.05464801726324726
-0.012029831821306436
0.0262275395854108
0.033884026296679796
0.0002537542649806826
-0.03194170970053136
-0.020632414681021925
0.03443852635719313
0.0918966371474487
0.1133686338409993
0.0815835625756412
0.020904965558223396
-0.005635850897533926
0.0055356022990230395
0.059992520671358913
0.1057935991160204
0.10625411611542979
0.06665591970362944
0.014247832063359809
-0.006935949909471992
0.016431371849675067
0.0660920213370057
0.11261990212087111
0.12696171724533487
0.10417709046503235
0.06159963101623657
0.022371101311445117
0.0008803080056737261
-0.0013690199234143
0.008846938818585774
0.02497129933532125
0.03530943605675647
0.024460658036656417
-0.006951613752989318
-0.0322173933464363
-0.05464175172584033
-0.04805353914245297
-0.014677021375734544
0.02189805323722187
0.04305677306042595
0.03623047005557524
0.006127695583977966
-0.018975180036888823
-0.01821078447324331
0.003815712280820635
0.047370595565097554
0.06253632885857267
0.06064100379297622
0.04139327287888592
0.019244598145386833
0.00819532292826501
0.007950966969394723
0.006719788868932892
-0.017534106433294824
-0.03640903787167276
-0.05477646078008933
-0.054679344950281907
-0.04637750788609908
-0.042824948176369525
-0.051747073443838464
-0.05745497802155209
-0.03822291095097912
-0.009868221415915436
0.020870505102485278
0.036029972858553465
0.0209676209322927
0.004439133252810213
-0.006184085420640339
0.008850071587289239
0.01874648792153586
0.031994966768490264
0.017330476467569585
-0.017054792821664645
-0.05227024581731716
-0.06383642787051073
-0.04661246553885897
-0.017079854971292364
0.01568890566695381
0.0011152656584336174
-0.008903328655248148
-0.02296006182769658
5.32570679589087e-05
0.029172342166668107
0.059607190120832695
0.05916233696494064
0.03970784331642163
0.016525354910779024
0.014595569389444448
0.01870889469709428
0.041997897238654706
0.04182246219126066
0.014000343335786057
-0.02355528788135497
-0.05711350623287438
-0.03980182637752559
-0.03541908296137775
0.030519432709158148
-0.014943306715529087
0.18136224578100837
-0.4480235178199677
-0.17257482956778844
