0.0035212320226949046
0.0017449521678301262
0.026803969026848402
0.03346423529041546
0.03392475228982484
0.02000586094032888
0.0021490793305771394
0.004031873321359735
0.012621925106261362
0.01987428465478334
0.015967722081562215
0.019410634886670487
0.005504274611988387
-0.0009617599919638218
-0.0004417203871885957
0.01489631518497711
0.0286053110313409
0.020632414681021925
0.006390848155069044
-0.0019015906030033871
0.001556986045622213
-0.007058127888907135
0.02719869788348502
0.02542241802862024
0.014786668280355826
0.017167572494989392
0.00541029155088443
0.0031734946966102654
-0.0072304301675977225
0.014338682355760302
0.013818642750985075
0.036537481388514835
0.023570951724872297
0.0015507205082152828
-0.0067479837872640785
-0.010914566162872818
0.018063544344180445
0.05042817781967961
0.049644985643813304
0.02738666400569293
0.007152110950011092
-0.0007142712643900696
0.009808698810549596
0.015654445211215694
0.0314154045583492
0.021274632265232293
0.016989004678891875
0.00018796612220791306
-0.013373789595093014
-0.015999049768596865
-0.004990500544620091
0.007227297398894257
0.01760929288217799
0.011591244202821305
0.009771105586108013
-0.007098853882052183
-0.014485922484823166
-0.008850071587289239
0.009150817382821901
0.013345594676761828
0.018483335350444784
0.011757280944104961
0.0017825453922717088
-0.0020362996572523915
0.0058206842510383746
0.019275925832421485
0.027837782698991922
0.01390009473727517
0.0152033265179167
0.007838187296069974
0.0001973644283183087
-0.00943276656613377
-0.010792388183437675
-0.002001839201514274
-0.0029542008873677003
0.006337591087110135
0.0036465427708335134
-0.009025506634683291
-0.02287547707270302
-0.011782343093732684
-0.013596216173039044
0.0022493279290880263
0.002478020044440987
-0.004974836701102765
-0.012396365759611866
-0.029200537084999294
-0.021763344182972866
-0.012252258399252466
0.003223618995865709
0.003966085178586966
-0.005212927122566122
-0.01927905860112495
-0.03518412530861786
-0.009025506634683291
-0.004705418592604757
-0.002957333656071165
-0.004486124783362191
-0.011205913652295084
-0.015823614721202812
-0.03969217947290431
-0.028505062432830016
-0.011296763944695575
-0.009213472756891205
-0.01403167102282071
-0.032561997903817474
-0.038467266909849404
-0.041130120307794844
-0.025732562130263297
-0.021221375197273382
-0.019185075540020993
-0.029921073886796292
-0.03470481169698768
-0.03209208259829769
-0.023664934785976255
-0.04009630663565132
-0.04937243476661183
-0.053003313693928016
-0.029899144505872038
-0.015901933938789446
-0.007236695705004652
-0.02091123109563033
-0.033508094052263966
-0.03413464779295701
-0.029867816818837385
-0.016365583706902297
-0.01042898701383571
-0.014855589191832061
-0.012628190643668291
-0.03274683125732192
-0.019592335471471472
-0.0293979015133176
-0.020951957088775376
-0.025262646824743513
-0.023793378302818326
-0.014316752974836044
-0.007095721113348718
0.0017010934059816132
-0.010416455939021848
-0.014442063722974652
-0.01531610619124145
-0.0011403278080613392
0.008173393547340752
0.008906461423951614
0.0025563392620276174
0.014448329260381584
0.018113668643435887
0.011998504134271783
0.019000242186516546
0.0379002357745222
0.04180993111644679
0.049422559065867275
0.031124057068926937
0.02218626795794067
0.018448874894706667
0.031647229442405625
0.03671604920461235
0.05008983879970536
0.043818035855368
0.028620974874858228
0.011453402379868836
0.01309497318048461
0.025669906756193992
0.03688835148330294
0.04836681601279949
0.023821573221149514
0.014373142811498419
-0.01359308340433558
-0.010695272353630252
0.015175131599585515
0.03557258862784755
0.03326060532469022
0.008721628070447166
0.007618893486827409
-0.004094528695429039
0.016603674128365654
0.04250540576861607
0.05953200367194953
0.05300644646263148
0.03270923803288034
0.02073266327953281
0.006973543133913574
0.02145946561873674
0.027668613189004803
0.028943650051315144
0.01022535704811047
-0.001569517120436074
0.0021083533374320913
0.024874183505513826
0.0420072955447651
0.030553893164896265
-0.012111283807596532
-0.059318975400113896
-0.08478211942187919
-0.07240141750578465
-0.05445065283492895
-0.06137720443829054
-0.05636477451274619
-0.09606948506046437
-0.12219677604736427
-0.14285425287801393
-0.1418016425936496
-0.1467921431382697
-0.14823948227927064
-0.13291711055062225
-0.1396212355760378
-0.14641307812515042
-0.15584584469128418
-0.15742162734912718
-0.15792600311038507
-0.14278219919783422
-0.1341576869571945
-0.09508892845627975
-0.10447470349186154
-0.10751035636551934
-0.12589031034874976
-0.11595943355876503
-0.12180204719072765
-0.12792034446859524
-0.13948339375308536
-0.14252531216415007
-0.1420021397906714
-0.14465246211380295
-0.1268771324903413
-0.1179080156923204
-0.12875366094371699
-0.1316138787699807
-0.10389827405042394
-0.059578995202501504
-0.02279715785511639
-0.01691381823000871
-0.04281554987025913
-0.07164642024824952
-0.07658992926231764
-0.029526345030159676
0.0495102765895643
0.10753541851514706
0.079979584999467
0.024181841622048013
-0.019373041662228904
-0.01475847336202464
0.03608009715780891
0.08850384864159586
0.1011007115982295
0.0822508423094793
0.04600157564168326
0.03056642423971013
0.04997705912638062
0.09130767663119724
0.11388867344577452
0.12871920048797886
0.10771398633124457
0.08378276620547379
0.0703964455355669
0.07990126578188038
0.09099126699214724
0.10220971171925619
0.1146562017781235
0.10244153660331261
0.08536794716942718
0.07262697685243413
0.05964791611397774
0.08696565920819443
0.1183215411611778
0.15012227627005323
0.1545645422915669
0.15006588643339086
0.13666076915126318
0.13110950300872282
0.16608060004550504
0.19285637415402226
0.20616750837504597
0.19410008332929796
0.1549968643726451
0.1323532121839985
0.13637568719924786
0.1572493250704366
0.17726771708557934
0.18284404537774743
0.16490267901300212
0.11925197346610697
0.10841885928952424
0.10968763061442766
0.13181750873570597
0.13923903779421506
0.1467388860703108
0.1397026875623279
0.148073445537987
0.13407623497090437
0.13114083069575747
0.11872880109262827
0.1095309921792544
0.12529508429509137
0.14393192531200596
0.14979333555618937
0.13085261597503867
0.13932048978050515
0.1367954782055122
0.15999676322337558
0.14626583799608756
0.14845251055110625
0.15109343456812743
0.17562614628496356
0.19428804945150585
0.1709301259984692
0.1281772315022794
0.10523909905550706
0.11268255749494041
0.11693372462554272
0.1238602762289043
0.1217174624357341
0.10525163013032092
0.07702851688080277
0.055800876146122454
0.042232854891414595
0.05776825489189861
0.07388321710252369
0.08468813636077523
0.06841340294627342
0.03120550905521703
0.020873637871188743
0.04083564004966911
0.06381449848958648
0.05998938790265545
0.07363259560624648
0.0686232984494056
0.05871435104034511
0.05914980589012677
0.06270863113726326
0.06508326981448989
0.06298744755187166
0.05641176604329817
0.040992278484842375
0.027646683808080545
0.00914455184541497
0.03274056571991499
0.04370525618204325
0.051255228757394425
0.04137134349796166
0.0340813907249981
0.001669765718946961
0.0013063645493449957
0.011268569026364387
0.02812286465100726
0.03171615035388186
0.03362087372558872
0.013621278322666765
-0.023429977133216363
-0.033461102521711986
-0.016685126114655748
0.01352102972415588
0.01677597640705624
0.011074337366749544
-0.012969662432346001
-0.036004910708925746
-0.03323554317506249
-0.018599247792472996
0.0043482829604097216
-0.011071204598046079
-0.02488044904292076
-0.03988954390122262
-0.04628665759369859
-0.04752096846286388
-0.03814459173339249
-0.026540816455757323
-0.04303797644820516
-0.0675769537024482
-0.09556824206790993
-0.10203740944056561
-0.08872000968213496
-0.06774925598113879
-0.05346069792463394
-0.07115457556180549
-0.10204367497797254
-0.11448703226813638
-0.11629463981003581
-0.08425581427969703
-0.058069000687431274
-0.033586413269850596
-0.0513836722742365
-0.07851344924624529
-0.09076257487679429
-0.08240121520724562
-0.05367059342776611
-0.04557238632930852
-0.04738312663991141
-0.08116690433808033
-0.06486397600524733
-0.02915667832315078
-0.029717443921071052
-0.055302765922271485
-0.0913014110937903
-0.10562756237473674
-0.0806907234951536
-0.0413682107292582
-0.024260160839634646
-0.05398073752940916
-0.11950259496238419
-0.14790427602799985
-0.09977555043666371
-0.018285970922126474
0.03809133466543358
0.044453987902171435
-0.023213816092677263
-0.10534874596012833
-0.14963669712101613
-0.11872880109262827
-0.05823190466001146
0.01352729526156281
0.03192604585701403
-0.0051628028233106785
-0.06248307179061376
-0.09290225590126103
-0.08910220746395772
-0.038135193427282096
0.020629281912318456
0.033909088446307516
0.0057329667273413485
-0.04202609215698589
-0.07076924501127926
-0.07122662924198518
-0.043238473645226934
-0.01182933462428466
0.020688804517684296
0.02663479951686128
-0.0052285909660834485
-0.03524991345139063
-0.0466281293823763
-0.027110980359787994
0.004448531558920609
0.017079854971292364
0.02581401411655339
0.01132495886302676
-0.006632071345235866
-0.035657173382841106
-0.030744992055807645
-0.006801240855222987
0.0008803080056737261
0.022302180399968882
0.008586919016198161
0.023132364106387165
0.016869959468160195
0.029507548417938883
0.041340015810927014
0.030018189716603715
0.038423408148000895
0.030109040009004207
0.05404339290347847
0.03570416491339309
0.016349919863384972
-0.006165288808419548
-0.02540362141639945
-0.020977019238403095
-0.0121770719503693
0.0015601188143256784
0.012527942045157406
0.024542110022946515
0.02778139286232955
0.030090243396783414
0.03593598979744951
0.04837621431890989
0.06851051877608084
0.07908361315027596
0.07640196314010973
0.07506113813502661
0.06282141081058801
0.059087150516057466
0.05029973430283753
0.06991399915523326
0.06642096205086954
0.07515198842742711
0.0836731193008525
0.08567495850236677
0.07723841238393495
0.08453463069430543
0.1056588900617714
0.10015774821848647
0.11032671542993457
0.09658952466523958
0.09751682420146529
0.09894223396154196
0.11660478391167886
0.10977848090682815
0.09139226138619079
0.0913640664678596
0.08242001181946641
0.0848980318639074
0.07436253071415387
0.08510792736703957
0.09477878435463669
0.10081562964621417
0.11486923004995914
0.12017614023362921
0.1341012971205321
0.11607534600079324
0.11389493898318145
0.11583412281062642
0.12675495451090618
0.14595882666314794
0.14961476774009186
0.1482676771976018
0.11617872736800759
0.10412696616577691
0.09923984698837116
0.11025466174975487
0.12833386993745263
0.12378822254872461
0.12573053914487303
0.12187723363961082
0.10945267296166777
0.11595316802135809
0.14274147320468916
0.14925449933919335
0.14657284932902714
0.1523308782059962
0.14260049861303323
0.1397935378547284
0.13578985945169986
0.13322098911485838
0.12976554523493625
0.12044555834212722
0.11620692228633878
0.09766719709923162
0.08311548647163569
0.09500121093258272
0.10267962702477597
0.11706843367979171
0.09948107017853798
0.09260464287443183
0.07896456793954428
0.09137033200526654
0.1056588900617714
0.11652333192538877
0.10317147171122001
0.07325666336183065
0.034388402057937695
0.021421872394295157
0.024573437709981168
0.049519674895674694
0.05902762791069163
0.05210734184473696
0.03912828110628057
0.013555490179893997
0.004727347973529013
0.014135052390035062
0.030582088083227453
0.03138720964001802
0.022772095705488667
0.014520382940561283
0.011581845896710909
0.03316035672617933
0.04555985525449466
0.04145592825295522
0.03908755511313552
0.022223861182382253
0.03760262274769301
0.016177617584694385
0.0208235135719333
-0.004652161524645848
-0.022759564630674807
-0.02468935015200938
0.0032580794516038265
0.005498009074581457
-0.007734805928855623
-0.028630373180968623
-0.0658664619903562
-0.07656173434398646
-0.05852325214943373
-0.014595569389444448
-0.00784758560218037
0.00883754051247538
0.007493582738688801
-0.007575034724978896
-0.01977090328756899
-0.03818218495783407
-0.04224538596622846
-0.059578995202501504
-0.04665319153200402
-0.030954887558939815
-0.01511247622551621
-0.03776865948897666
-0.06653060895549083
-0.0833849045801337
-0.10347221750675267
-0.09154576705266058
-0.06554065404519582
-0.05567869816668731
-0.04963558733770291
-0.07496088953651572
-0.07938749171451208
-0.10928976898908759
-0.10434939274372293
-0.10414263000929423
-0.07382369449715785
-0.07448470869358902
-0.0771882880846795
-0.10715008796462083
-0.12502879895529684
-0.11749762299216646
-0.10932109667612223
-0.06674990276473339
-0.07601036705217658
-0.07400539508195883
-0.09848798249953951
-0.11519503799511951
-0.10954665602277172
-0.09914586392726721
-0.08622945856288011
-0.08542120423738608
-0.07937182787099475
-0.08574387941384301
-0.09839713220713901
-0.09184964561689671
-0.08219445247281691
-0.07909614422508982
-0.06362026682997164
-0.0712704880038337
-0.06778058366817345
-0.08233229429576938
-0.10993198657329795
-0.11094073809581374
-0.09500747646998965
-0.07975402565281751
-0.05405279120958886
-0.05411857935236163
-0.05533409360930614
-0.05851072107461987
-0.055669299860576914
-0.05837601202037086
-0.049165672032183125
-0.026616002904640487
-0.004492390320769122
-0.0042167066748641825
-0.02367433309208665
-0.05378963863849778
-0.08482911095243116
-0.07996392115594968
-0.04806293744856337
-0.00762515902423434
0.022609191732908474
0.01781918838531016
0.007844452833476906
-0.012142611494631183
-0.00705499512020367
-8.458475499356088e-05
0.008198455696968475
-0.0017982092357890348
-0.010463447469573827
-0.008558724097866975
0.002781898608677113
-0.006719788868932892
-0.014442063722974652
-0.0135460918737836
-0.02823251155562854
-0.0024498251261098
-0.006553752127649235
0.006600743658201213
0.003612082315095396
0.005485477999767596
-0.005310042952373544
-0.004116458076353296
-0.007543707037944244
-0.017029730672036923
-0.016190148659508245
0.0036026840089850003
0.013235947772140544
-0.0006140226658791826
0.0010933362775093609
0.002415364670371683
-0.0003947288566366174
0.013699597540253397
0.003151565315686009
0.013909493043385566
0.0052285909660834485
0.004692887517790896
-0.00432948634818893
-0.008605715628418952
-0.017480849365335914
-0.03936950429644739
-0.043495360678911084
-0.03651241923888711
-0.011058673523232218
0.0034178506554805523
-0.009645794837969405
-0.01845827320081706
-0.03779685440730785
-0.053272731802426025
-0.06560330941926512
-0.04297218830543239
-0.027277017101071648
-0.036174080218912864
-0.057188692681757546
-0.06426561718288547
-0.06682822198232002
-0.05175960451865232
-0.03656567630684602
-0.03765587981565192
-0.042897001856549224
-0.05034046029598258
-0.04450411220142688
-0.03478626368327777
-0.02305091212009707
-0.017289750474424537
-0.04510247102378874
-0.05928764771307924
-0.06333205210925284
-0.0469883977832748
-0.024300886832779693
-0.02771560471955678
-0.03731754079567767
-0.05112051970314542
-0.05589172643852295
-0.04953533873919202
-0.03522171853305944
-0.033890291834086726
-0.03178193849665463
-0.038135193427282096
-0.05189431357290133
-0.06942215446878922
-0.05367059342776611
-0.05663732538994767
-0.03753683460492024
-0.031080198307078425
-0.004780605041487922
-0.019548476709622956
-0.035867068885973276
-0.031286961041507126
-0.017772196854758178
-0.003712330913606283
-0.011657032345594075
-0.029924206655499757
-0.04037199028155626
-0.04425349070514966
-0.03505881456047925
-0.019373041662228904
-0.012866281065131649
-0.03288467308027439
-0.05500515289544229
-0.048733349951104926
-0.0451150020986026
-0.012274187780176722
-0.0076282917929378045
0.00591466731214233
-0.0126814477116272
-0.006644602420049726
-0.018047880500663117
-0.012913272595683627
-0.008383289050472921
-0.024939971648286596
-0.002650322323131574
-0.005880206856404213
0.0018201386167132913
0.00043232208107820005
-0.002358974833709309
-0.01726155555609335
-0.027371000162175606
-0.02049770562677292
-0.03711077806124897
-0.020237685824385305
-0.00438900895355477
0.005745497802155209
-0.006033712522874009
0.0018295369228236871
0.0018608646098583392
0.008270509377148174
0.007534308731833848
0.006049376366391335
0.010175232748855026
0.024986963178838577
0.026816500101662262
0.028667966405410205
0.01524405251106175
0.015967722081562215
0.01734614031108691
0.031675424360736816
0.041819329422557186
0.04946955059641925
0.03733633740789846
0.03348303190263625
0.03125250058576901
0.047627482598781704
0.04577914906373722
0.05474826586175814
0.06092921851369502
0.055782079533901664
0.05477646078008933
0.038699091793905835
0.041155182457422564
0.034018735350928794
0.04262445097934775
0.05403086182866461
0.05838227755777779
0.04972017209269647
0.03712330913606283
0.026998200686463244
0.024172443315937618
0.04088263158022109
0.045597448478936244
0.04561311232245357
0.05178466666828005
0.04646835817849957
0.03465468739773224
0.03464842186032531
0.03652808308240444
0.03563211123321339
0.04317581827115763
0.031431068401866526
0.03542848126748815
0.011046142448418356
0.014824261504797409
-0.007891444364028883
0.007236695705004652
0.006553752127649235
0.015676374592139948
0.00034773732608463914
-0.005115811292758701
-0.023439375439326757
-0.02247448267865947
-0.01788497652808293
-0.016895021617787918
-0.03293479737952983
-0.02254027082143224
-0.0353783569682327
-0.025112273926977183
-0.03395921274556296
-0.038119529583764765
-0.059613455658239625
-0.07329738935497569
-0.07196909542470645
-0.04844200246168266
-0.02347696866376834
-0.03938203537126125
-0.041997897238654706
-0.0747917200265286
-0.0759445789094038
-0.0701896828011382
-0.040675868845792384
-0.028467469208388434
-0.03286900923675706
-0.05060361286707366
-0.07619833317438449
-0.06846352724552887
-0.05014309586766427
-0.03108333107578189
-0.03561958015839952
-0.05491116983433833
-0.06061907441205196
-0.07821896898811956
-0.07880479673566755
-0.07017088618891741
-0.07092901621515599
-0.07947520923820911
-0.08199395527579514
-0.08122955971214962
-0.076828019683781
-0.07668704509212507
-0.07995139008113582
-0.0813580032289917
-0.08059987320275312
-0.06829435773554174
-0.06719788868932891
-0.0640024646117944
-0.07785243504981412
-0.08452209961949157
-0.08152717273897882
-0.0779808785666562
-0.06210713954619794
-0.05336044932612305
-0.049190734181810844
-0.0627399588242979
-0.06192230619269349
-0.07616700548734984
-0.07799654241017352
-0.07568455910701619
-0.066154676711075
-0.05810972668057632
-0.05403712736607154
-0.06107645864275788
-0.06702558641063833
-0.06798108086519522
-0.06524617378707008
-0.06569102694296215
-0.057859105184299105
-0.051440062110898875
-0.04791883008820397
-0.04919386695051431
-0.050644338860218706
-0.06296865093965087
-0.06738585481153683
-0.0736576577558742
-0.061853385281217255
-0.04195403847680619
-0.04345463468576603
-0.03518725807732132
-0.04579794567595802
-0.03764961427824499
-0.04186945372181263
-0.036806899497012845
-0.02996179987994134
-0.03887452684129988
-0.01659114305355179
-0.02056036100084222
-0.030083977859376484
-0.044172038718859566
-0.049657516718627163
-0.03803181206006774
-0.03898417374592117
-0.013264142690471731
-0.015554196612704805
-0.025904864408953884
-0.04963558733770291
-0.060565817344093054
-0.05457909635177102
-0.05232976842268299
-0.0322079950403259
-0.0325056080671551
-0.028805808228362675
-0.05720435652527487
-0.06835074757220412
-0.07036825061723571
-0.049560400888819744
-0.0401526964723137
-0.03948854950717907
-0.04745518032009111
-0.0613897355131044
-0.06068486255482473
-0.04839187816242722
-0.052971986006893367
-0.05594498350648185
-0.06097307727554353
-0.04970137548047568
-0.03009964170289381
-0.02001212647773581
-0.021581643598171885
-0.029905410043278968
-0.04277482387711408
-0.05097641234278602
-0.033533156201891685
-0.01612749328543894
-0.007449723976840288
-0.01625906957098448
-0.026547081993164252
-0.033514359589670896
-0.022637386651239662
-0.020184428756426398
-0.011866927848726245
-0.01139074700579953
-0.007875780520511556
0.0003195424077534522
-0.003471107723439461
0.008872000968213497
0.010394526558097592
0.012709642629958388
0.00930119028058823
0.010892636781948562
0.01310750425529847
-0.0011183984271370827
0.00020362996572523915
0.008897063117841218
0.02090183278951993
0.02416617777853069
0.018527194112293296
0.00032580794516038264
-0.01698587191018841
0.0006641469651346261
0.008345695826031339
0.019106756322434363
0.026813367332958797
0.020275279048826887
0.016077368986183498
-0.0009085029240049131
0.010510439000125806
0.011409543618020322
0.025701234443228645
0.02156284698595109
0.02410038963575792
0.0011873193386133176
-0.010062453075530279
-0.009686520831114452
0.00979303496703227
0.020651211293242714
0.017643753337916106
-0.008367625206955597
-0.015081148538481557
-0.010485376850498083
0.010974088768238657
0.03788143916230141
0.022327242549596605
0.005407158782180965
-0.01647523061152358
-0.0019329182900380392
0.010325605646621357
0.03672858027942621
0.04998332466378755
0.0418005328103364
0.022631121113832732
0.012800492922358879
0.0064190430734002305
0.027136042509415714
0.034425995282379274
0.02381844045244605
0.013583685098225183
0.012574933575709383
0.02649069215650188
0.02381217491503912
0.04248034361898835
0.02894051728261168
0.01727408663090721
0.0031202376286513568
0.00733694430351554
0.029184873241481966
0.02988974619976164
0.03857064827706376
0.028433008752650316
0.030162297076963114
0.012365038072577213
0.00032894071386384787
0.00352436479139837
0.029316449527027506
0.036130221457064356
0.04200103000735817
0.03976423315308401
0.014996563783487996
-0.0023715059085231698
-0.004226104980974578
0.014341815124463766
0.035945388103559905
0.03696667070088957
0.029795763138657685
0.005629585360126996
0.003922226416738453
0.01719576741332058
0.031703619279068
0.031897850938682845
0.024980697641431644
0.016168219278583987
-0.002462356200923661
-0.0068450996170715
0.01524405251106175
0.027737534100481038
0.012130080419817323
-0.003107706553837496
-0.008821876668958053
-0.01339571897601727
-0.0018326696915271523
0.0119609109098302
0.012073690583154948
0.008189057390858078
-0.005115811292758701
-0.0054948763058779914
-0.01849899919396211
-0.012863148296428184
-0.014153849002255853
-0.005194130510345331
-0.0013439577737865784
-0.01093336277509361
-0.013680800928032606
-0.006390848155069044
-0.022490146522176797
-0.01684176454982901
-0.011835600161691592
-0.014185176689290506
-0.013759120145619235
-0.020203225368647187
-0.023586615568389622
-0.02585474010969844
-0.019188208308724457
-0.020491440089365986
-0.019313519056863068
-0.014927642872011761
-0.03758382613547222
-0.032161003509773925
-0.03132142149724525
-0.012972795201049466
-0.030425449648054194
-0.029717443921071052
-0.0389183856031484
-0.03584513950504902
-0.031938576931827896
-0.023223214398787658
-0.002832022907932557
-0.012521676507750474
-0.030475573947309636
-0.04268397358471359
-0.03563211123321339
-0.015751561041023113
-0.010776724339920348
-0.016033510224334982
-0.02482092643755492
-0.0384046115357801
-0.042351900102146275
-0.034472986812931254
-0.016609939665772584
0.003107706553837496
-0.007239828473708118
-0.011115063359894591
-0.023094770881945583
-0.033561351120222876
-0.017198900182024045
-0.0017762798548647783
0.008646441621564001
0.010162701674041166
-0.006995472514837831
-0.007556238112758105
-0.0006672797338380913
0.00819532292826501
0.02691048316276622
0.032489944223637775
0.05070699423428801
0.049710773786586074
0.04616761238296691
0.031127189837630402
0.03139034240872148
0.0389904392833281
0.0425931232923131
0.05176900282476272
0.044764132003814495
0.03706065376199352
0.038081936359323186
0.04255866283657498
0.03843907199151822
0.03725488542160837
0.03571043045080002
0.03500869026122381
0.025604118613421222
0.02986468405013392
0.033633404800402576
0.03551619879118517
0.021923115386849594
0.026377912483177134
0.016086767292293892
0.023564686187465368
0.027850313773805785
0.030553893164896265
0.022794025086412924
0.01961739762109919
0.018226448316760634
0.013076176568263818
0.01768134656235769
0.029062695262046825
0.03198556846237987
0.012086221657968809
0.005842613631962631
-0.020597954225283807
-0.016431371849675067
-0.014655091994810288
-0.0009805566041846132
-0.019526547328698702
-0.04216393397993836
-0.07515512119613058
-0.08353527747790003
-0.09274561746608777
-0.09067172458439379
-0.09855690341101575
-0.12617852506946856
-0.14339935463241688
-0.1536717032110793
-0.1592041727413989
-0.1462971656831222
-0.14801079016391766
-0.15281959012373678
-0.17041008639369398
-0.17706095435115063
-0.16394718455844523
-0.15683893237028265
-0.1406581820168848
-0.14272580936117185
-0.1419739448723402
-0.14104977810481795
-0.1369301872597612
-0.12926743501108529
-0.11865048187504165
-0.10304302819437794
-0.0987855955263687
-0.09276128130960509
-0.10800533382066684
-0.12439597967719686
-0.1404263571328284
-0.1466636996214276
-0.1290042824399942
-0.10345968643193881
-0.07799654241017352
-0.07780544351926215
-0.06840713740886649
-0.0934724198052917
-0.0790522854632413
-0.07678729369063594
-0.019864886348672943
-0.004060068239690922
0.007709743779227901
0.005870808550293817
-0.00820158846567194
-0.011381348699689136
0.001500596208959839
0.03497422980548569
0.05903702621680203
0.046333649124250566
0.02460476539701582
0.021710087115013956
0.04293146231228734
0.07296218310370492
0.09245740274536897
0.09096933761122299
0.06937516293823724
0.06840087187145956
0.06546233482760919
0.07677476261582208
0.04407492288905215
0.03276249510083924
0.06611708348663342
0.11628524150392541
0.16237453466930568
0.1537813501157006
0.10444964134223382
0.028329627385435964
0.014655091994810288
0.0601021675759802
0.12018553853973961
0.1629603624168537
0.1626063595533621
0.13502233111935089
0.106053618918408
0.10941194696852273
0.14376902133942576
0.18480202581741317
0.17949824840244658
0.1609773198275602
0.15643793797623912
0.15282898842984718
0.14995623952876957
0.16141590744604534
0.17189188599043304
0.18199506505910834
0.188376514908067
0.20263061250883374
0.19766517411384138
0.1905757185378996
0.1770390249702264
0.1788654291243466
0.18136224578100837
0.1818728870796732
0.18497746086480724
0.19336388268398363
0.16907239415731432
0.13979040508602494
0.11792367953583772
0.1554291864537233
0.1814123700802638
0.21400256290241249
0.19975786360775613
0.1703442982509212
0.14330850434001638
0.1356864780844855
0.15812023476999992
0.18639973785618044
0.21475442739124412
0.19197606614834853
0.16135325207197604
0.1567794097649168
0.1694357953269163
0.18589222932621907
0.1861522491286067
0.18513723206868396
0.175810979638468
0.15912585352381226
0.13649473240997953
0.10245720044682995
0.11958717971737776
0.11099399516377266
0.142847987340607
0.10479424589961499
0.14068950970391947
0.08293065311813123
0.05723255144360606
0.07563756757646421
0.07690320613266416
0.08356660516493468
0.05436293531123192
0.04535622528876942
0.0071333143377903
0.007358873684439796
0.01902843710484773
0.04510873656119567
0.0404221145808117
0.04603916886612484
0.04002425295547162
0.02270944033141936
0.017192634644617115
0.052003960477522614
0.05021201677914051
0.046346180199064425
0.01433241681835337
0.013486569268417762
-0.012202134099997023
-0.0036935343013854917
0.025287708974371235
0.024391737125180182
0.023351657915629733
0.006992339746134365
0.007051862351500205
-0.017039128978147317
-0.0022994522283434696
0.006588212583387353
0.025052751321611343
0.022079753822022853
-0.006776178705595265
-0.008408351200100644
-0.010770458802513419
0.011572447590600514
0.021340420408005063
0.017806657310496295
-0.013063645493449957
-0.03602057455244307
-0.04385876184851305
-0.040628877315240404
-0.023069708732317864
-0.005507407380691853
-0.007026800201872483
-0.04812246005392921
-0.07919952559230417
-0.09722860948074649
-0.08625452071250783
-0.05480465569842052
-0.046747174593107975
-0.03951674442551025
-0.08803706610477954
-0.09428067413078572
-0.12037977019935445
-0.08820936838347013
-0.10754481682125745
-0.08653333712711624
-0.11263243319568497
-0.13540139613247018
-0.14073336846576798
-0.12479070853383348
-0.0665337417241943
-0.07404612107510389
-0.07522090933890334
-0.11497574418587694
-0.12989085598307484
-0.15639407921439058
-0.1352478904660004
-0.11352840504487602
-0.05658093555328529
-0.04326040302615119
-0.04949147997734351
-0.08334417858698864
-0.13808931168004332
-0.1597148140400637
-0.14814863198687014
-0.12052387755971385
-0.09272055531646005
-0.07381116342234399
-0.0796381132107893
-0.10659245513540402
-0.11340622706544087
-0.1218709681022039
-0.10056500814993695
-0.08517998104721927
-0.07197849373081684
-0.09248559766370015
-0.08855397294085131
-0.08270822654018521
-0.04894011268553363
-0.02294753075288272
-0.02379024553411486
-0.06852618261959817
-0.0996784346068563
-0.11871627001781442
-0.07965377705430662
-0.02907835910556415
0.014172645614476644
0.03130889042243139
-0.007825656221256113
-0.056584068321988756
-0.09479444819815402
-0.026603471829826628
0.009545546239458517
0.04802534422412179
0.041609433919425017
0.012565535269598988
-0.044256623473853125
-0.04363633527056702
-0.014962103327749878
-0.001181053801206387
0.014232168219842483
0.008320633676403618
0.0002286921153529609
-0.01807920818769777
0.005451017544029478
0.020945691551368446
0.021161852591907546
0.031496856544639296
0.021168118129314475
0.016826100706311683
0.0051847322042349354
0.004883986408702274
0.022897406453627277
0.011268569026364387
0.010313074571807496
0.013799846138764284
0.006669664569677448
-0.011985973059457922
-0.022571598508466892
-0.014943306715529087
-0.013655738778404883
0.0066289385765324
-0.005660913047161648
-6.265537406930435e-06
-0.008295571526775895
-0.013195221778995497
-0.016196414196915174
0.00034773732608463914
0.014285425287801391
0.007600096874606618
0.01108373567285994
0.015234654204951353
-0.0033614608188181783
-0.0028132262957117652
0.03074812482451111
0.07332558427330688
0.08450956854467771
0.06529629808632553
0.04758988937434012
0.02878387884743842
0.051458858723119665
0.09842532712547021
0.12196808393201132
0.12008528994122872
0.09871667461489247
0.08466307421114751
0.08279594406388223
0.10615073474821543
0.11413929494205173
0.10984113628089746
0.09349121641751248
0.08518937935332967
0.0990644119409771
0.10894203166300294
0.12501626788048298
0.11841239145357829
0.11669250143537589
0.11803019367175553
0.10727226594405598
0.1133498372287785
0.12505386110492456
0.14274460597339264
0.1460622080303623
0.12822735580153483
0.12407643726944341
0.11809284904582484
0.11559603238916306
0.11013874930772666
0.13167340137534655
0.16311386808332348
0.17014066828519597
0.16817015677071634
0.14521322771172324
0.1437752868768327
0.12749428792492395
0.16041655422963993
0.18392171781173947
0.19114274967322678
0.15684206513898613
0.11566182053193583
0.11445257181239826
0.1405955266428155
0.1572493250704366
0.169373139952847
0.17622763787602888
0.16391898964011403
0.14594629558833408
0.12476564638420576
0.11642308332687788
0.13863128066574282
0.14839612071444389
0.1288319801613036
0.07858863569512844
0.06596357782016363
0.07714129655412752
0.09981627642980877
0.1277981664891601
0.11649200423835411
0.09836580452010436
0.07159942871769755
0.06663085755400171
0.08184358237802881
0.12419861524887855
0.1334434156928044
0.12075883521247374
0.09345049042436744
0.0619035095804727
0.06026507154856039
0.0714145953641931
0.08681841907913157
0.10639822347578919
0.08938415664726959
0.05842300355092284
0.02326080762322924
0.026991935149056314
0.04826343464558514
0.06349495608183303
0.051458858723119665
0.03145613055149425
0.009630130994452079
0.004188511756532996
0.006719788868932892
0.013141964711036588
0.021080400605617448
0.019792832668493243
0.0036026840089850003
-0.009191543375966948
0.0020112375076246697
0.00352436479139837
-0.0067479837872640785
-0.004320088042078535
-0.018527194112293296
-0.026459364469467228
-0.04655920847090007
-0.04894637822294056
-0.05789983117744415
-0.07590698568496222
-0.05798128316373425
-0.061900376811769235
-0.04504921395582983
-0.06079764222814948
-0.07235755874393612
-0.08456909115004355
-0.08009236467279175
-0.05601077164925462
-0.05046890381282466
-0.07423095442860833
-0.09011722452388045
-0.07511439520298552
-0.04228297919067004
-0.018292236459533404
-0.031562644687412066
-0.0703337901614976
-0.10077803642177259
-0.10368837854729177
-0.0685324481570051
-0.03308830304599963
-0.022994522283434696
-0.04320714595819228
-0.08750136265648699
-0.11421134862223144
-0.10974402045109004
-0.08592244722994052
-0.06613588009885421
-0.06787143396057393
-0.0920219478955873
-0.10729106255627677
-0.12562089224025175
-0.10595337031989713
-0.09599743138028466
-0.07868888429363934
-0.07515825396483404
-0.07661499141194536
-0.08512045844185342
-0.0928051400714536
-0.0947881826607471
-0.09070305227142844
-0.07056561504555403
-0.06824110066758284
-0.07873587582419131
-0.09246680105147936
-0.08038684493091748
-0.05671251183883083
-0.05670311353272044
-0.04189138310273689
-0.05537795237115465
-0.0740367227689935
-0.08496695277538363
-0.07129241738475796
-0.03577308582486932
-0.04312256120319872
-0.03978616253400826
-0.06002384835839357
-0.0664334931256834
-0.06078511115333562
-0.060565817344093054
-0.024009539343357426
-0.03130262488502445
-0.03390595567760405
-0.06087282867703264
-0.08142379137176448
-0.07068779302498916
-0.04794702500653515
-0.031662893285922956
-0.031760009115730375
-0.04000858911195429
-0.03735513402011925
-0.02811346634489686
-0.016089900060997357
0.0015945792700637958
0.002308850534453865
0.00273177430942167
-0.0018984578342999218
0.0010588758217712436
-0.004633364912425057
0.0061308283526814306
0.012443357290163845
0.014514117403154354
0.009335650736326348
-0.000820785400307887
0.019181942771317528
0.009069365396531805
0.015867473483051328
0.017872445453269065
0.026941810849800872
0.023630474330238137
0.013486569268417762
0.023539624037837645
0.014677021375734544
0.005341370639408196
-0.007224164630190792
0.002039432425955857
0.010366331639766404
0.013207752853809358
0.030635345151186363
0.026760110264999887
0.01481173042998355
0.0028006952208979043
0.006400246461179439
0.008674636539895187
0.01977090328756899
0.04159063730720423
0.02820118386859389
0.018605513329879926
-0.003499302641770648
-0.017800391773089366
-0.02751197475383154
-0.011303029482102505
0.002171008711501396
0.008301837064182827
-0.011158922121743105
-0.027546435209569658
-0.04527164053377586
-0.05821624081649414
-0.056314650213490754
-0.03406885965018424
-0.01799462343270421
-0.029520079492752746
-0.0579405571705892
-0.06676556660825071
-0.09132960601212149
-0.08792741920015826
-0.08958465384429136
-0.06622359762255123
-0.0534732289994478
-0.04588879596835851
-0.03876801270538207
-0.029513813955345816
-0.038836933616858305
-0.08837540512475378
-0.08856650401566517
-0.08450956854467771
-0.026327788183921688
-0.018749620690239326
-0.004307556967264674
-0.036167814681505935
-0.065434139909278
-0.09261717394924569
-0.07511439520298552
-0.04197596785773045
-0.024294621295372763
-0.010504173462718874
-0.029770700989029963
-0.05652767848532639
-0.08440931994616682
-0.1010192596119394
-0.08099146929068626
-0.06359207191164046
-0.030528831015268546
-0.04346090022317296
-0.06508013704578643
-0.0750172793731781
-0.07029932970575949
-0.05446318390974281
-0.0543284748554938
-0.033580147732443666
-0.03125876612317594
-0.01882167437041903
-0.03727368203382916
-0.038993572052031564
-0.05242061871508349
-0.05244568086471121
-0.04238322778918093
-0.026650463360378605
-0.00978676942962534
-0.009135153539304575
-0.007556238112758105
-0.026283929422073176
-0.04381177031796107
-0.05450704267159132
-0.033442305909491196
0.001253107481386087
0.030293873362508654
0.015231521436247888
-0.010294277959586704
-0.049651251181220234
-0.07307809554573313
-0.06652121064938044
-0.024463790805359886
0.01625280403357755
0.019460759185925932
0.0031045737851340305
-0.026020776850982096
-0.05011490094933309
-0.05269630236098843
-0.020203225368647187
0.020716999436015484
0.03907189126961819
0.030685469450441805
0.0041947772939399264
-0.026152353136527636
-0.018298501996940334
-0.0006798108086519522
0.032076418754780366
0.04091709203595921
0.04120530675667801
0.028674231942817135
-0.005087616374427513
-0.0037029326074958873
0.009266729824850113
0.05695373502899766
0.06459769066545279
0.06724801298858436
0.048883722848871256
0.013784182295246958
0.012722173704772249
0.022082886590726318
0.06286213680373305
0.07706924287394781
0.06992653023004712
0.030300138899915584
0.0021177516435424873
0.010876972938431236
0.029438627506462648
0.07405865214991775
0.08364492438252132
0.07778977967574481
0.04899963529089947
0.02758402843401124
0.04425349070514966
0.05380843525071858
0.07946894370080218
0.07427168042175337
0.0781155876209052
0.05558784787428682
0.04621773668222236
0.0521668644501028
0.06083210268388759
0.06031206307911237
0.04728914357880746
0.04897144037256828
0.042267315347152716
0.025178062069749953
0.03673484581683314
0.04628039205629166
0.05093568634964097
0.03623673559298217
0.03950734611939986
0.028032014358606767
0.016819835168904753
0.002139681024466744
0.009752308973887222
0.029197404316295826
0.04030620213878349
0.031098994919299214
0.015682640129546878
0.0055825938295750175
0.015234654204951353
0.02684469501999345
0.02354902234394804
0.018207651704539845
-0.0005200396047752261
-0.001525658358587561
-0.02806960758304835
-0.02281595446733718
-0.015626250292884506
-0.006757382093374474
-0.022211330107568393
-0.023906157976143077
-0.0394227613644063
-0.04888059008016779
-0.04312256120319872
-0.02382470598985298
-0.027101582053677596
-0.04738312663991141
-0.07047163198445007
-0.07085382976627283
-0.05878013918311788
-0.06453503529138348
-0.0582914272653773
-0.0655876455757478
-0.08045576584239372
-0.08926511143653791
-0.08293691865553816
-0.07133940891530993
-0.06560644218796859
-0.06581947045980423
-0.07362319730013608
-0.10440891534908878
-0.11428340230241113
-0.1095591870975856
-0.09714715749445639
-0.08895183456619139
-0.09645481561099058
-0.10978787921293855
-0.12111910361337225
-0.11176152349612163
-0.09157396197099177
-0.078269093287375
-0.08817804069643548
-0.11528588828752001
-0.12888210446055906
-0.12959324295624566
-0.10573720927935802
-0.08721941347317512
-0.06164662254678855
-0.07533055624352462
-0.09948107017853798
-0.10914879439743165
-0.10662691559114215
-0.07833488143014776
-0.06322867074203849
-0.04011510324787211
-0.06516472180077999
-0.07870454813715666
-0.11203720714202657
-0.09690593430428958
-0.0737109148238331
-0.04371152171945018
-0.052859206333568616
-0.06433767086306517
-0.08227277169040355
-0.08425894704840049
-0.07510186412817166
-0.06407765106067756
-0.04798461823097674
-0.04818824819670198
-0.06060027779983117
-0.07859803400123884
-0.07959738721764424
-0.06933130417638873
-0.07394900524529646
-0.05120510445813898
-0.05574761907816354
-0.05909968159087133
-0.07879853119826062
-0.07902722331361357
-0.05380843525071858
-0.043836832467588786
-0.03760575551639647
-0.042928329543583874
-0.046117488083711466
-0.06227004351877813
-0.050854234363350875
-0.03431948114646146
-0.013013521194194513
-0.015660710748622624
-0.03576682028746239
-0.05020261847303011
-0.04508680718027141
-0.026819632870365727
-0.011058673523232218
-0.026528285380943463
-0.045027284574905575
-0.059265718332154986
-0.059259452794748056
-0.05189431357290133
-0.038407744304483564
-0.029855285744023522
-0.04742698540175993
-0.05813165606150058
-0.06343856624517065
-0.05338237870704731
-0.04346716576057989
-0.037016795000145014
-0.025741960436373692
-0.023179355636939146
-0.03930058338497115
-0.06726994236950862
-0.06789962887890512
-0.05827576342185998
-0.01935737781871158
0.008138933091602634
0.011873193386133175
-0.01636871647560576
-0.052661841905250306
-0.05825383404093572
-0.06267103791282168
-0.022988256746027766
0.004573842307059217
0.0010306809034400567
-0.023840369833370307
-0.040572487478578036
-0.04744891478268418
-0.028342158460249824
-0.008326899213810548
0.027142308046822643
0.00970845021203871
-0.003643410002130048
-0.03162530006148137
-0.028464336439684965
-0.012697111555144526
0.002362107602412774
0.013405117282127666
0.02264365218864659
0.0060869695908329175
-0.010949026618610936
-0.003925359185441918
0.015942659931934493
0.023636739867645067
0.04557238632930852
0.05788103456522336
0.06033399246003662
0.02252147420921145
-0.005754896108265605
-0.006384582617662113
0.006995472514837831
0.03731754079567767
0.05152151409718897
0.06577247892925224
0.027806455011957273
0.005175333898124539
-0.016418840774861207
-0.003988014559511222
0.0069453482155823875
0.04727034696658667
0.03728934587734648
0.0010651413591781739
-0.016071103448776568
-0.010090647993861467
0.0011465933454682697
0.010767326033809952
0.031490591007232366
0.025331567736219748
0.019366776124821974
0.0014880651341459784
-0.003815712280820635
-0.0006860763460588826
0.008449077193245691
0.02212674535257483
0.033586413269850596
0.031299492116320986
0.0016635001815400305
-0.0025845341803588046
-0.002014370276328135
0.0010181498286261957
0.020212623674757582
0.03994593373788499
0.03614588530058168
0.02619621189837615
0.02477393490700294
0.014279159750394461
-0.00028194918331186957
-0.007430927364619496
0.025575923695090035
0.026465630006874158
0.026991935149056314
0.01297592796975293
0.006011783141949753
-0.005952260536583914
-0.0019015906030033871
0.011610040815042097
0.0114565351485723
0.008668371002488257
0.0020989550313216957
0.0043921417222582354
-0.0002474887275737522
-0.009598803307417426
0.002073892881693974
0.013464639887493505
0.009639529300562475
0.012311781004618305
0.014943306715529087
0.017975826820483418
-0.006851365154478431
-0.003718596451013213
0.004520585239100309
0.0049873677759166265
0.018279705384719545
0.009758574511294152
-0.006663399032270517
-0.04324787195133733
-0.048805403631284626
0.00014097459165593479
0.03763708320343112
0.06690654119990665
0.02132162379578427
-0.014282292519097926
-0.05638670389367045
-0.05961032288953616
-0.023455039282844085
0.014163247308366248
0.033705458480582276
0.024285222989262365
-0.004652161524645848
-0.03954493934384144
-0.05478899185490319
-0.02934151167665523
0.004257432668009231
0.011415809155427253
0.00986508864721197
-0.006390848155069044
-0.02409412409835099
-0.004858924259074552
0.02299138951473123
0.013304868683616779
0.009733512361666431
0.007885178826621953
0.012352506997763352
-0.012797360153655414
-0.019062897560585847
-0.02388422859521882
-0.01439193942371921
-0.016412575237454274
-0.0038188450495241
-0.009175879532449622
-0.0170767222025889
-0.04173161189886016
-0.02758402843401124
-0.020106109538839765
-0.018749620690239326
-0.020729530510829344
-0.016299795564129527
-0.037903368543225666
-0.030510034403047753
-0.0113844814683926
0.00432948634818893
0.00820785400307887
-0.0005576328292168087
-0.019181942771317528
-0.04110192538946365
-0.02515299992012223
-0.0006108898971757174
0.01853659241840369
0.021349818714115457
-0.005498009074581457
-0.022017098447953548
-0.02852072627634734
0.0034021868119632264
0.020068516314398183
0.016315459407646855
0.00016603674128365652
-0.015134405606440466
-0.005864543012886888
