0.014927642872011761
-0.024322816213703947
-0.039184670942942944
-0.017374335229418097
0.007700345473117505
0.036293125429644545
0.013815509982281609
-0.009128888001897643
-0.02205469167239513
-0.008157729703823427
0.003207955152348383
0.03555379201562676
0.03938516813996472
0.015385027102717684
-0.0011277967332474783
0.005150271748496818
-0.0064816984474695355
-0.012418295140536122
0.012825555071986601
0.0037530569067513305
0.025817146885256857
0.008276774914555104
0.012142611494631183
-0.0057141701151205565
0.00554186783642997
0.010920831700279748
0.0060525091350948
-0.0033865229684459
-0.030842107885615068
-0.010873840169727771
-0.004053802702283992
0.02360854494931388
0.0319197803196071
0.02225205610071344
-0.008596317322308557
-0.00819532292826501
0.010121975680896117
0.01866816870394923
0.011008549223976774
0.026518887074833068
0.032054489373856104
-0.004721082436122083
-0.022339773624410468
-0.01666632950243496
0.005826949788445304
0.006318794474889344
0.014796066586466223
0.00943276656613377
-0.01291013982698016
-0.01568890566695381
0.010125108449599584
0.020400589796965497
0.022267719944230765
0.002546940955917222
-0.015043555314039975
-0.048758412100732645
-0.031741212503509586
-0.0010244153660331262
0.03176940742184077
0.021152454285797147
0.00546354861884334
-0.01725215724998295
-0.01977090328756899
0.002926005969036513
0.0444571206708749
0.057758856585788214
0.001885926759486061
-0.03997099588751271
-0.05190997741641865
-0.016757179794835448
0.00877801790710954
0.046549810164789665
0.025106008389570254
-0.0033520625127077828
-0.033639670337809506
-0.01115578935303964
-0.002164743174094465
0.03621793898076138
0.04903722851534105
0.009752308973887222
-0.040563089172467634
-0.0484921267609381
-0.019839824199045224
-0.004056935470987457
0.030864037266539322
0.011597509740228235
-0.013928289655606357
-0.028536390119864665
-0.033520625127077826
0.009053701553014479
0.022634253882536197
0.044579298650310045
-0.0011152656584336174
-0.027070254366642944
-0.043238473645226934
-0.026468762775577623
-0.01755603581421908
0.01080178648954807
-0.009971602783129788
-0.021929380924256524
-0.04131495366129929
-0.035951653640966835
-0.0007080057269831392
0.023448773745437152
0.023978211656322777
-0.0019548476709622957
-0.014520382940561283
-0.026014511313575166
-0.0350995405536243
-0.03218293289069818
-0.01727408663090721
-0.006475432910062605
0.009811831579253062
-0.004163449606905274
-0.030976816939864073
-0.029983729260865597
-0.025810881347849927
0.016412575237454274
0.003922226416738453
0.006469167372655674
-0.00978676942962534
-0.018063544344180445
-0.023655536479865857
-0.027828384392881527
0.008521130873425391
0.015222123130137492
0.020275279048826887
-0.001453604678407861
-0.009655193144079801
-0.02056036100084222
0.004291893123747348
0.012383834684798005
-0.0076282917929378045
-0.009081896471345666
-0.0033959212745562958
-0.01732734369886612
-0.01921953599575911
-0.011086868441563405
-0.01173221879447724
0.017822321154013623
0.005892737931218074
0.017828586691420553
-0.009388907804285257
-0.015096812381998883
-0.025027689171983624
-0.00927612813096051
0.01923206707057297
0.014091193628186548
-0.009388907804285257
-0.013596216173039044
-0.022057824441098595
-0.0056264525914235305
0.011415809155427253
0.008756088526185283
0.023708793547824767
-0.006619540270422004
-0.016321724945053784
-0.014250964832063276
-0.0005106412986648304
0.04544081004376298
0.01762182395699185
0.004649028755942383
-0.032161003509773925
-0.018307900303050732
-0.00438900895355477
-0.003223618995865709
0.03969217947290431
0.040585018553391895
0.04375224771259523
-0.010278614116069378
0.006459769066545279
0.0009085029240049131
0.011913919379278222
0.025156132688825696
0.034623359710697584
0.02563857906915934
-0.013652606009701418
-0.010914566162872818
-0.003774986287675587
0.025507002783613803
0.04217646505475223
0.0345763681801456
0.007700345473117505
-0.01252480927645394
0.014344947893167231
0.02272510417493669
0.02791296914787509
0.040819976206151784
0.01785678160975174
-0.0009179012301153088
0.00023809042146335653
0.01902843710484773
0.021594174672985744
0.011813670780767336
0.01839248505804429
-0.006710390562822496
-0.0012750368623103436
0.0077817974594076005
0.0036089495463919306
0.03912201556887364
0.014354346199277626
0.04244588316325023
0.014006608873192987
0.011885724460947036
0.00619035095804727
0.028451805364871106
0.016412575237454274
0.019322917362973462
0.014069264247262292
-0.01927905860112495
0.005895870699921539
-0.00416658237560874
0.03368352909965802
0.013427046663051922
0.012133213188520788
0.017104917120920087
-0.004630232143721592
0.015359964953089961
-0.0066289385765324
0.0264530989320603
0.015131272837737
0.019131818472062082
0.02038492595344817
0.002318248840564261
0.0010118842912192653
-0.0022806556161226784
0.003988014559511222
0.007797461302924927
0.013138831942333123
0.0067699131681883355
0.018718293003204677
0.0004887119177405739
-0.0031202376286513568
0.005945994999176983
0.03411585118073622
0.03983002129585678
0.013702730308956862
-0.002969864730885026
0.01099915091786638
-0.017897507602896788
-0.011688360032628726
0.026324655415218223
0.02157851082946842
0.027862844848619644
-0.0022430623916810956
-0.004410938334479027
-0.009564342851679309
0.019871151886079876
0.022336640855707
0.022508943134397587
0.01375598737691577
-0.007869514983104627
-0.016030377455631517
-0.013580552329521718
-0.002302584997046935
-0.005150271748496818
-0.01315449578585045
-0.013123168098815797
-0.013304868683616779
-0.002362107602412774
-0.006672797338380914
-0.003815712280820635
0.008897063117841218
0.023054044888800536
0.02029407566104768
0.0028445539827464178
-0.006090102359536383
-0.02690421762535929
0.027004466223870177
-0.008978515104131314
0.003587020165467674
-0.0004573842307059218
-0.0006234209719895783
-0.02595185593950586
-0.020231420286978375
0.007509246582206127
0.004006811171732013
0.0152753801980964
0.0141225213152212
-0.0016039775761741914
-0.01878721391468091
0.004733613510935944
0.04130868812389236
0.02641237293891525
0.008417749506211039
-0.030491237790826964
-0.023204417786566865
-0.024548375560353445
0.013157628554553914
0.01764062056921264
0.01745578721570819
-0.014507851865747422
-0.03428502069072334
-0.018279705384719545
0.0002850819520153348
0.04931291216124599
0.02280968892993025
0.022812821698633714
-0.0284706019770919
-0.034256825772392155
-0.02812913018841419
-0.00993714232739167
0.035412817423970816
0.010698405122333717
-0.010222224279407005
-0.06948480984285853
-0.03717343343531827
-0.011910786610574757
0.012336843154246028
0.027878508692136972
-0.004639630449831987
-0.025315903892702423
-0.03737079786363658
-0.03663772998702572
-0.002994926880512748
0.005704771809010161
0.026866624400917707
1.566384351732609e-05
-0.037023060537551944
-0.046997796089385195
-0.036951006857372244
0.017816055616606694
0.019943205566259576
0.02325454208582231
-0.014191442226697435
-0.03821037987616526
-0.03309770135211002
-0.015200193749213236
0.019824160355527896
0.0062874667878546914
0.008765486832295678
-0.013229682234733614
-0.03743345323770589
-0.04222972212271113
-0.001528791127291026
0.038868261303892954
0.03773419903323855
0.027759463481405292
-0.023702528010417837
-0.028667966405410205
-0.028577116113009716
0.01958606993406454
0.03686642210237868
0.03735513402011925
0.0009179012301153088
-0.027587161202714705
-0.004307556967264674
0.011180851502667361
0.05941295846121785
0.06605756088126757
0.059068353903836676
0.009507953015016935
-0.02305091212009707
-0.01036319887106294
0.014156981770959318
0.06327566227259046
0.07721961577171414
0.02898437604446019
-0.025735694898966762
-0.019654990845540773
-0.028614709337451298
0.031490591007232366
0.04976089808584152
0.08484477479594849
0.04067273607708892
0.014987165477377601
-0.01944196257370514
-0.014730278443693453
0.050913756968716715
0.061834588668996465
0.0567250429136447
0.02773440133177757
-0.013580552329521718
-0.03764648150954152
-0.006143359427495292
0.04185378987829531
0.05865796120368273
0.04061321347172308
0.006325060012296275
-0.025431816334730635
-0.016537885985592884
0.015247185279765214
0.04704792038864064
0.031703619279068
0.007950966969394723
-0.01638124755041962
-0.01674464872002159
-0.008533661948239252
0.04407179012034868
0.04853911829149008
0.03518412530861786
-0.02737413293087907
-0.04165955821868046
-0.040171493084534486
-0.0017888109296786392
0.010557430530677783
0.008505467029908067
-0.012631323412371756
-0.04242708655102944
-0.053213209197060185
-0.028451805364871106
0.003226751764569174
0.008875133736916962
0.003975483484697361
-0.011722820488366844
-0.027825251624178062
-0.03370859124928574
-0.020666875136760042
-0.04928785001161827
-0.00978676942962534
-0.01821078447324331
-0.037752995645459336
-0.044344340997550157
-0.06117984000997223
-0.04535622528876942
-0.04341704146132445
-0.013809244444874679
-0.03573235983172427
-0.038777411011492464
-0.06639903266994529
-0.09799300504439201
-0.07266770284557919
-0.07741698020003246
-0.03628372712353415
-0.044933301513801614
-0.0437459821751883
-0.08595377491697517
-0.09091921331196755
-0.06130515075811084
-0.07586625969181718
-0.059278249406968846
-0.06805626731407839
-0.07468207312190732
-0.07136760383364112
-0.06774299044373186
-0.07289639496093214
-0.06353881484368154
-0.08437172672172524
-0.0783223503553339
-0.07107625634421885
-0.04746771139490498
-0.06842593402108728
-0.06264597576319396
-0.08250772934316343
-0.09098500145474031
-0.06402752676142212
-0.06294358879002315
-0.03164409667370216
-0.06399619907438746
-0.0477715899591411
-0.07801533902239431
-0.06308769615038255
-0.051070395403889975
-0.05107352817259344
-0.0394227613644063
-0.05625826037682838
-0.04852345444797276
-0.05141499996127115
-0.02152525376150951
-0.03424116192887483
-0.01728035216831414
-0.03285334539323974
-0.018301634765643802
-0.02200456737313969
-0.020789053116195184
0.0002318248840564261
-0.01778472792957204
-0.02441366650610444
-0.03247428038012044
-0.024795864287927197
0.019410634886670487
0.008637043315453605
0.02267184710697778
0.0026659861666489
-0.005369565557739383
-0.009207207219484275
0.0121770719503693
0.0405756202472815
0.03530003775064607
0.045058612261940224
0.01554479830659441
-0.007825656221256113
0.0026847827788696915
0.016857428393346335
0.050644338860218706
0.04450411220142688
0.04190704694625422
0.022621722807722337
0.01643450461837853
0.02713290974071225
0.05056288687392861
0.05465115003195072
0.06689714289379625
0.07322220290609253
0.058949308693104996
0.045979646260759
0.031662893285922956
0.05519625178635367
0.059619721195646555
0.06822856959276898
0.050625542247997916
0.07942508493895366
0.06371738265977905
0.05633344682571154
0.04366139742019474
0.04545020834987338
0.04979535854157963
0.0701176291209585
0.0987229401522994
0.09132334047471456
0.06869848489828875
0.04441326190902639
0.06347302670090878
0.07187197959489902
0.08823443053309785
0.09361339439694763
0.10375103392136108
0.06982628163153623
0.025647977375269738
0.0522483164363929
0.06064100379297622
0.08536168163202025
0.07719768639078989
0.0808442291616234
0.04973270316751033
0.04196656955162006
0.05639296943107738
0.06467914265174288
0.08303716725404905
0.0872852016159479
0.07351668316421826
0.04419710086848729
0.04441952744643332
0.046891281953467374
0.04447278451439223
0.03424116192887483
0.04243335208843637
0.05151524855978204
0.020159366606798675
0.028614709337451298
0.03927552123534343
0.047063584232157965
0.036246133899092564
0.03274056571991499
0.029178607704075037
0.020895567252113
0.023141762412497564
0.04159063730720423
0.03968591393549738
0.011976574753347527
-0.005723568421230952
-0.007064393426314065
-0.003862703811372613
0.008530529179535788
0.013912625812089031
0.011606908046338632
-0.008007356806057096
-0.02389049413262575
0.008997311716352105
0.0035180992539914392
-0.0028132262957117652
-0.019955736641073436
-0.008054348336609075
-0.01853032688099676
-0.041681487599604716
-0.031070800000968027
-0.03612082315095396
-0.014376275580201884
-0.014871253035349388
-0.019476423029443257
-0.027778260093626085
-0.05200082770881915
-0.03337965053542189
-0.01624653849617062
-0.030989348014677932
-0.044645086793082815
-0.02908462464297108
-0.04154051300794878
-0.03747104646214747
-0.03859571042669148
-0.0035838873967642087
-0.009442164872244165
-0.034012469813521864
-0.04805667191115644
-0.07026486925002136
-0.046386906192209476
-0.026756977496296422
-0.026800836258144937
-0.053961940917188374
-0.07152424226881439
-0.042370696714367065
-0.048786607019063837
-0.04824150526466089
-0.05452270651510865
-0.029438627506462648
-0.057063381933618935
-0.07824716390645074
-0.046906945796984706
-0.050625542247997916
-0.068450996170715
-0.0716119597925114
-0.029520079492752746
-0.06814711760647887
-0.05992359975988268
-0.03424116192887483
-0.01490884625979097
-0.042956524461915065
-0.044861247833621914
-0.05067566654725336
-0.06059401226242424
-0.035729227063020806
-0.03273743295121152
-0.011249772414143596
-0.04680982996717728
-0.032383430087719954
-0.05044384166319693
-0.051537177940706294
-0.04130555535518889
0.0065568848963527
0.011209046420998549
-0.02288800814751688
-0.036167814681505935
-0.04579168013855109
-0.040688399920606244
-0.026428036782432576
0.03377437939205851
0.030043251866231437
-0.00554186783642997
-0.03909695341924591
-0.022721971406233225
-0.03144673224538386
0.0052599186531181
0.03339844714764269
0.05634911066922887
-0.0035180992539914392
-0.011603775277635165
-0.014156981770959318
0.0057141701151205565
0.032843947087129344
0.054835983385455166
0.04723588651084855
0.006904622222437339
0.022205064570161463
0.017292883243128002
0.030657274532110618
0.029488751805718093
0.040710329301530505
0.02409412409835099
0.006600743658201213
0.01338945343861034
0.04332619116892396
0.05811285944927978
0.05216059891269587
0.026158618673934566
0.013367524057686084
0.012011035209085644
0.03333265900486992
0.08091315007309964
0.06663712309140864
0.05273076281672654
0.018383086751933897
0.003239282839383035
0.009038037709497153
0.03230824363883679
0.057345331116930805
0.06641469651346261
0.04413757826312145
0.017559168582922544
0.03048497225342003
0.03603937116466386
0.05313802274817702
0.07358247130699103
0.06811578991944423
0.00921660552559467
0.0017230227869058697
0.01519079544310284
0.027978757290647856
0.04935990369179797
0.07746083896188097
0.05693807118548033
0.03402500088833573
0.023361056221740128
0.036825696109233634
0.038507992902994455
0.03763708320343112
0.0643533347065825
0.02656901137408851
0.008023020649574423
-0.0035149664852879743
0.004175980681719135
0.021011479694141213
0.029441760275166113
0.04519958685359616
0.021403075782074368
0.01806041157547698
0.007170907562231883
0.022562200202356497
0.03696667070088957
0.05554398911243831
0.03765587981565192
0.03295985952915755
0.012791094616248484
0.00986508864721197
0.013943953499123684
0.026290194959480106
0.07230430167597722
0.04997079358897369
0.006030579754170544
-0.01504668808274344
-0.004736746279639409
0.02070760112990509
0.05512733087487744
0.052674372980064166
0.0433857137742898
0.009849424803694645
-0.02415991224112376
-0.02086423956507835
-0.004075732083208248
0.017176970801099787
0.01561058644936718
0.013799846138764284
-0.015078015769778092
-0.01899710941781308
0.0028445539827464178
0.003828243355634496
-0.004714816898715153
-0.009285526437070904
-0.012568668038302453
-0.014091193628186548
-0.005861410244183422
-0.00819532292826501
-0.018389352289340827
-0.020873637871188743
0.0045393818513211
0.02548820617139301
0.0012061159508341087
-0.006732319943746752
-0.00879681451933033
-0.012581199113116314
-0.0069014894537338745
-0.024658022464974727
-0.016234007421356757
-0.008746690220074887
0.006534955515428444
0.006027446985467078
-0.003988014559511222
-0.0032580794516038265
-0.03754310014232717
-0.01338945343861034
-0.00991834571517088
-0.02237736684885205
-0.07218525646524554
-0.011415809155427253
-0.0001973644283183087
0.15726812168265739
0.07931230526562891
-0.17263748494185774
-0.12300816314156177
-0.17676334132432145
-0.022164338577016416
0.008972249566724383
0.12348121121578502
0.06735765989320565
-0.0935162785671402
-0.06920912619695359
-0.08891737411045327
0.05081350837020583
0.08239808243854216
0.030450511797681913
-0.044225295786818476
-0.12387594007242163
-0.08154910211990307
-0.0605344896570584
0.027377265699582536
0.007578167493682362
-0.006538088284131909
-0.05413737596458242
-0.08367938483825943
-0.06303443908242365
-0.003937890260255778
0.03369606017447188
0.015234654204951353
0.024457525267952952
-0.04361127312093929
-0.06498928675338594
-0.072908926035746
0.012800492922358879
0.03042858241675766
0.02108666614302438
-0.018166925711394798
-0.07936242956488436
-0.04774026227210645
-0.017386866304231956
0.04111758923298098
0.015532267231780549
0.012321179310728701
-0.012220930712217814
-0.02900630542538445
-0.031412271789645736
-0.028611576568747833
-0.017612425650881454
-0.005081350837020583
-0.0033144692882662
-0.026854093326103844
-0.024808395362741056
-0.029206802622406224
0.0028978110507053264
0.010751662190292628
0.009959071708315927
0.006434706916917557
-0.04205741984402055
-0.048081734060784156
-0.04127736043685771
-0.018539725187107156
0.02043818302140708
0.02408785856094406
0.008690300383412513
-0.022067222747208994
-0.010328738415324822
0.002462356200923661
0.03921599862997759
0.01994007279755611
0.001541322202104887
-0.010535501149753526
-0.009623865457045149
0.01304798164993263
0.04148725593998988
0.024247629764820783
-0.0064190430734002305
-0.01143773853635151
-0.0020864239565078348
0.011813670780767336
0.028971844969646332
0.030071446784562625
0.027364734624768676
0.015757826578430046
0.0291817404727785
0.016816702400201288
0.0017449521678301262
0.015303575116427588
0.009611334382231287
0.028119731882303795
0.012073690583154948
0.01150979221653121
0.009755441742590687
0.014131919621331597
0.031039472313933374
0.028642904255782486
0.058397941401295124
0.030654141763407153
0.03263718435270064
0.018912524662819518
0.03569476660728269
0.013380055132499943
0.0035024354104741134
0.004689754749087431
0.03944469074533055
0.026133556524306843
0.03864896749465039
0.04731107295973171
0.04326040302615119
0.03510267332232776
0.036136486994471285
0.04499595688787092
0.03402500088833573
0.03933191107200581
0.009363845654657536
0.009435899334837235
0.005989853761025496
0.03289720415508825
0.01651908937337209
0.011591244202821305
0.023511429119506457
0.03526244452620449
0.0242914885266693
0.02805707650823449
0.019025304336144265
0.0036026840089850003
0.038185317726537535
0.03167229159203335
-0.003536895866212231
-0.002734907078125135
-0.009558077314272379
0.008257978302334313
0.026067768381534077
0.046740909055701045
0.052458211939525067
0.03066980560692448
0.027267618794961253
0.03738019616974698
0.047358064490283694
0.05702892147788082
0.02449198572369107
-0.009836893728880783
-0.0359547864096703
-0.03173181419739919
-0.030976816939864073
0.016691391652062678
0.016766578100945843
0.024097256867054453
0.00872476083915063
0.013304868683616779
0.017283484937017604
0.019595468240174937
0.04045030949914289
0.029983729260865597
0.04300664876117051
0.009482890865389214
-0.03312902903914468
-0.03036905981139182
-0.01150352667912428
0.017650018875323036
0.030325201049543307
0.031496856544639296
0.005795622101410653
-0.034375870983123835
-0.03133708534076257
-0.009100693083566458
0.015259716354579074
0.030773186974138833
0.03348303190263625
0.015222123130137492
-0.03550993325377824
-0.036070698851698516
-0.014244699294656344
-0.010281746884772845
0.004721082436122083
0.026681791047413257
-0.001914121677817248
-0.0188780642070814
-0.04169715144312205
-0.025378559266771728
-0.01417577838318011
0.017816055616606694
0.0007362006453143262
-0.01057935991160204
-0.059829616698778725
-0.033113365195627346
-0.010165834442744631
0.04203549046309629
0.02590799717765735
-0.009304323049291695
-0.019454493648519002
-0.04412817995701106
-0.037568162291954886
-0.02210168320294711
0.008850071587289239
-0.0005043757612579001
0.025701234443228645
0.0519507034095637
0.04791883008820397
0.048554782135007406
0.057498836783400606
0.04541261512543179
0.04844200246168266
0.03252440467937589
0.06074751792889403
0.05427835055623836
0.05213240399436469
0.040638275621350806
0.040597549628205755
0.030911028797091303
0.02812913018841419
0.017841117766234413
0.022794025086412924
0.04263698205416161
0.04407805565775561
0.0465466773960862
0.054961294133593776
0.05892737931218074
0.06210087400879101
0.042897001856549224
0.05684408812437637
0.014172645614476644
-0.013270408227878661
-0.03941023028959244
-0.009141419076711505
0.016832366243718613
0.005870808550293817
0.005454150312732944
-0.008336297519920944
-0.010410190401614918
-0.037016795000145014
0.01832669691527152
0.014993431014784531
0.02603330792579596
0.016509691067261696
0.016086767292293892
-0.048705155032773735
-0.05415617257680322
-0.006243608026006178
-0.005203528816455727
0.019194473846131387
0.01511247622551621
-0.008972249566724383
-0.010823715870472327
0.005635850897533926
0.010137639524413444
-0.01711744819573395
-0.01341451558823806
-0.010638882516967879
-0.015748428272319648
-0.00864017608415707
0.01146280068597923
-0.002183539786315257
-0.01822331554805717
-0.0660011710446052
-0.03730187695216035
-0.032286314257912535
-0.01115578935303964
0.028094669732676072
0.0072116335553769305
-0.020334801654192727
-0.04736119725898716
-0.007568769187571965
-0.006610141964311609
0.01565757797991916
0.03720476112235292
0.0167164538016904
0.009955938939612462
-0.025159265457529164
-0.006140226658791826
-0.036700385361095024
0.015526001694373619
0.004053802702283992
-0.02628079665336971
-0.025535197701944987
-0.05033106198987219
-0.005983588223618565
-0.014091193628186548
0.008173393547340752
-0.03895284605888651
-0.05452583928381211
-0.028630373180968623
-0.012126947651113858
0.011243506876736666
0.004564444000948822
0.0016979606372781479
-0.02167562665927584
-0.02380590937763219
-0.020535298851214502
-0.018176324017505192
0.0027850313773805785
-0.015504072313449361
-0.00815459693511996
-0.025948723170802396
-0.028708692398555252
-0.039717241622532026
-0.034491783425152044
-0.034263091309799085
-0.03458263371755254
-0.006008650373246287
0.01879347945208784
-0.007578167493682362
-0.013871899818943984
-0.016779109175759706
-0.019629928695913054
-0.034723608309208474
-0.0020488307320662524
-0.030882833878760115
-0.016102431135811217
-0.008965984029317453
-0.018784081145977443
-0.040158962009720627
-0.05386169231867748
-0.016024111918224587
-0.009501687477610005
0.012872546602538578
0.009467227021871888
-0.003630878927316187
0.00597418991750817
0.013273540996582126
0.01432615128094644
-0.018686965316170024
-0.020237685824385305
-0.016537885985592884
-0.01332366529583757
0.03235523516938877
0.020225154749571445
0.014604967695554845
-0.0063751843115517175
-0.0006704125025415566
0.009771105586108013
0.031628432830184836
0.07140519705808271
0.027521373059941935
-0.008270509377148174
-0.0325776617473348
-0.01780352454179283
0.024109787941868313
0.03909068788183898
0.04578228183244069
0.01634365432597804
0.004739879048342874
0.005629585360126996
0.02931958229573097
0.06034339076614702
0.046446428797575316
0.020826646340636766
-0.0035306303288053
-0.008248579996223918
0.0029166076629261175
0.05123329937647017
0.05405905674699579
0.05211047461344043
0.033598944344664455
0.003339531437893922
0.011751015406698031
0.017831719460124018
0.07543393761073898
0.05450077713418439
0.021443801775219415
0.007405865214991775
0.009623865457045149
0.014272894212987532
0.028602178262637435
0.04123663444371266
0.024222567615193064
0.01325161161565787
0.005892737931218074
0.015265981891986006
0.03273116741380459
0.059409825692514386
0.031694220972957605
0.023395516677478245
0.0021804070176117915
-0.0011747882637994566
0.005826949788445304
0.007148978181307626
0.036149018069285145
0.0005231723734786914
-0.018621177173397254
-0.020068516314398183
-0.0031922913088310565
-0.0071865714057492095
0.006206014801564596
0.03536895866212231
-0.010046789232012953
-0.034485517887745114
-0.023439375439326757
-0.027110980359787994
-0.01331739975843064
-0.02432908175111088
0.018173191248801727
-0.04168462036830819
-0.05698819548473577
-0.04487691167713924
-0.05810659391187285
-0.028705559629851787
-0.02571063274933904
-0.01872769130931507
-0.0386834279503885
-0.04358307820260811
-0.047035389313826774
-0.03319481718191745
-0.01883420544523289
-0.015538532769187478
-0.01759362903866066
-0.04657487231441739
-0.06589152413998392
-0.06488590538617159
-0.052956322163376035
-0.027599692277528568
-0.018508397500072507
-0.03711391082995243
-0.058015743619472364
-0.06019615063708415
-0.05668431692049965
-0.02682903117647612
-0.020319137810675403
-0.015090546844591953
-0.060302664773001974
-0.08583159693754003
-0.0848980318639074
-0.0766118586432419
-0.04987367775916626
-0.03718596451013213
-0.0294699551934973
-0.04603916886612484
-0.05703518701528775
-0.04194150740199233
-0.034288153459426804
-0.053056570761886926
-0.04822270865244009
-0.061847119743810325
-0.03373991893632039
-0.05212613845695775
-0.019445095342408604
-0.05227964412342755
-0.060092769269869804
-0.05529963315356802
-0.051189440614621655
-0.02224579056330651
-0.016772843638352776
-0.008383289050472921
-0.050979545111489485
-0.05385229401256709
-0.06473553248840526
-0.0365406141572183
-0.01490258072238404
-0.01934171397519425
-0.037555631217141026
-0.05651201464180906
-0.05104220048555879
-0.020892434483409536
-0.0017292883243128002
0.020616750837504597
0.0026001980238761304
-0.013276673765285593
-0.0376840747339831
-0.03008711062807995
-0.024946237185693526
-0.01253107481386087
0.007947834200691256
-0.0008646441621564001
-0.014517250171857819
-0.025466276790468752
-0.0025688703368414783
-0.00461770106890773
0.022524606977914915
0.032067020448669964
-0.002490551119254848
-0.008875133736916962
-0.016989004678891875
-0.010021727082385232
-0.01454231232148554
0.008373890744362527
0.02577015535470488
-0.005986720992322031
-0.018677567010059626
-0.016628736277993376
-0.004996766082027022
0.004649028755942383
-0.0022994522283434696
-0.005203528816455727
0.011334357169137157
-0.01947955579814672
0.0062874667878546914
-0.007903975438842744
0.012277320548880187
-0.008010489574760561
-0.0003947288566366174
0.004222972212271113
-0.016165086509880522
-0.003972350715993896
0.011252905182847061
0.004279362048933488
-0.012756634160510366
-0.007741071466262552
0.0014066131478558826
0.027897305304357762
0.053247669652798306
0.04956353365752321
0.013423913894348457
-0.03512773547195548
-0.03701052946273808
-0.0324868114549343
0.0013314266989727175
0.02945115858127651
0.05290933063282406
0.02744618661105877
-0.013295470377506384
-0.028674231942817135
-0.015018493164412254
0.013051114418636097
0.02264365218864659
0.018508397500072507
-0.0198868157295972
-0.032226791652546695
-0.04090142819244188
-0.01000293047016444
0.006359520468034392
0.042831213713776455
0.044460253439578365
0.014125654083924665
-0.009489156402796144
-0.010923964468983213
-0.016713321032986936
0.015090546844591953
-0.00561392151660967
-0.015914465013603305
-0.0332888002430214
-0.044591829725123905
-0.03976423315308401
-0.04047537164877061
-0.006688461181898239
0.006888958378920013
0.005529336761616109
-5.952260536583913e-05
-0.015895668401382512
-0.006685328413194774
-0.037944094536370716
0.0013627543860073696
-0.001469268521925187
0.007246094011115048
-0.01874648792153586
-0.002694181084980087
-0.005895870699921539
-0.055926186894261064
-0.0075625036501650355
-0.03967338286068352
0.1562656356975485
-0.004752410123156735
-0.10262636995681707
-0.034447924663303535
-0.13601228602964588
0.09210966541928432
-0.04097034910391811
0.038699091793905835
-0.0528153475717201
-0.061289486914593516
0.06139286828180787
-0.046380640654802546
0.07942508493895366
0.023097903650649048
0.023912423513550007
-0.031609636217964046
-0.062470540715799903
0.009479758096685748
-0.01230864823591484
0.052135536763068153
-0.018379953983230432
-0.042680840816010125
-0.0679027616476086
-0.03707318483680738
0.015103077919405813
0.03689461702070987
0.04806607021726683
-0.0028414212140429524
0.022483880984769868
-0.02491177672995541
-0.0023370454527850523
-0.018940719581150706
0.038902721759631075
0.009410837185209514
0.0036841359952750957
-0.01659427582225526
-0.05926258556345152
-0.02124957011560457
0.022975725671213906
0.040813710668744854
-0.016306061101536456
-0.016005315306003798
-0.015181397136992444
0.017972694051779953
0.01935111228130465
0.042188996129566086
-0.005795622101410653
0.006415910304696766
-0.01987428465478334
-0.0007894577132732348
-0.009827495422770387
-0.005150271748496818
0.02589546610284349
-0.0095110857837204
-0.004780605041487922
-0.01166643065170447
0.046609332770155505
0.04759302214304358
0.040287405526562695
0.060039512201910894
0.03239282839383035
0.0033865229684459
-0.016647532890214166
-0.005100147449241374
-0.0035901529341711394
0.009370111192064465
0.02980516144476808
0.042267315347152716
0.02153151929891644
0.030967418633753675
0.041932109095881936
0.047687005204147544
0.036951006857372244
0.014946439484232552
-0.007957232506801653
-0.03953867380643451
-0.012828687840690066
0.013859368744130122
0.06018675233097376
0.05016189247988506
0.023057177657504
-0.0009805566041846132
-0.03296299229786102
-0.005673444121975509
0.03946662012625481
0.060362187378367814
0.03347989913393278
0.006735452712450218
-0.00936071288595407
-0.020203225368647187
-0.008580653478791231
0.014733411212396918
0.018229581085464103
0.02022828751827491
0.012700244323847991
0.02009671123272937
-0.0017794126235682437
0.012506012664233148
-0.007252359548521979
0.007139579875197231
0.01259059741922671
0.01056056329938125
-0.017837984997530948
0.0010745396652885697
0.024651756927567797
-0.006049376366391335
0.008768619600999145
-0.0073651392218467265
-0.014003476104489522
-0.029911675580685897
0.019426298730187815
0.019761504981458594
0.0136181455539633
0.017330476467569585
-0.026042706231906354
-0.04840127646853761
-0.031359014721686826
0.0105198373062362
0.035813811818014366
0.006180952651936874
-0.020513369470290244
-0.06100127219387472
-0.0631284221435276
-0.01800088897011114
0.010231622585517401
0.029482486268311164
0.02099581585062389
-0.020804716959712508
-0.03887765961000335
-0.059193664651975286
-0.016622470740586443
0.021710087115013956
0.036123955919657426
-0.01977716882497592
-0.04526537499636893
-0.06740465142375762
-0.05218879383102706
-0.01583927856472014
0.02936030828887602
0.016575479210034466
-0.015757826578430046
-0.02966731962181561
-0.05753329723913872
-0.034059461344073845
-0.008035551724388284
0.007111384956866044
0.005357034482925522
-0.02469561568941631
-0.03378064492946544
-0.05005851111267071
-0.03456383710533174
-0.013987812260972196
0.005695373502899765
-0.011650766808187144
-0.04408118842645908
-0.051433796573491945
-0.06032146138522276
-0.049394364147536084
-0.0177972590043859
0.015920730551010235
0.017765931317351248
0.0047555428918602
-0.009902681871653553
-0.03669098705498463
-0.036123955919657426
-0.0175810979638468
-0.004307556967264674
-0.004081997620615179
-0.0152033265179167
-0.029031367575012172
-0.03408765626240503
-0.023329728534705475
-0.00964892760667287
0.01266891663681334
0.007669017786082853
0.005848879169369561
-0.017223962331651767
-0.011556783747083188
-0.017487114902742844
0.015914465013603305
0.01885926759486061
0.01585807517694093
-0.008120136479381843
-0.006450370760434883
-0.018693230853576954
-0.005798754870114118
0.021450067312626345
0.020936293245258048
-0.00654435382153884
-0.019178810002614063
-0.015613719218070645
0.0012907007058276696
0.02483972304977571
0.03318228610710358
0.01857731841154874
-0.017314812624052257
-0.02973937330199531
-0.020735796048236273
0.026086564993754866
0.05951007429102527
0.05460729127010221
0.02685722609480731
-0.007678416092193248
-0.01874022238412893
0.013392586207313805
0.041070597702429004
0.057492571245993676
0.03525617898879756
0.0029354042751469087
-0.02138741193855704
-0.026468762775577623
0.0046114355315008005
0.01889059528189526
0.04994886420804943
0.042790487720631404
0.02434161282592474
-0.006907754991140804
-0.019216403227055645
0.0073181476912947485
0.02292560137195846
0.032198596734215504
0.03587020165467674
0.033796308772982765
0.022837883848261437
0.0005670311353272044
0.0005513672918098783
0.009179012301153087
0.025557127082869245
0.027809587780660738
0.033783777698168906
0.01745578721570819
0.02051650223899371
0.023301533616374288
0.024272691914448506
0.03634324972889999
0.033808839847796625
0.02239616346107284
0.013364391288982619
0.01857105287414181
0.016882490542974058
0.015309840653834518
0.024686217383305915
0.030810780198580415
0.016071103448776568
-0.010757927727699557
-0.007352608147032866
0.017834852228827483
0.040964083566511184
0.033818238153907026
0.009153950151525366
-0.006165288808419548
-0.0105198373062362
0.004345150191706257
0.014789801049059291
-0.0011058673523232218
-0.003991147328214687
-0.0035650907845434176
-0.003063847791988983
0.01280675845976581
0.026716251503151375
0.028060209276937954
0.0061527577336056875
0.005068819762206722
0.005864543012886888
0.022333508087003535
0.03039412196101954
0.022668714338274314
0.011500393910420815
-0.01936364335611851
-0.026750711958889492
-0.006738585481153683
0.00222739854816377
0.014310487437429114
0.009818097116659992
0.008098207098457587
-0.008765486832295678
-0.0059992520671358915
0.002158477636687535
0.0023119833031573305
0.004883986408702274
-0.007224164630190792
-0.02562604799434548
-0.04397780705924472
-0.023317197459891616
0.017834852228827483
0.021540917605026837
0.01473967674980385
-0.021149321517093683
-0.0232106833239738
-0.02988974619976164
-0.005394627707367105
0.02258726235198422
0.03327000363080061
0.01123410857062627
-0.007900842670139279
-0.015447682476786987
-0.029197404316295826
-0.0131858234728851
0.010435252551242639
0.037016795000145014
0.02109919721783824
0.00352436479139837
-0.016484628917633973
-0.031033206776526445
-0.00862764500934321
0.0025124805001791044
0.017289750474424537
-0.015300442347724123
-0.013771651220433096
-0.027981890059351325
-0.003427248961590948
0.015193928211806306
0.0284706019770919
0.01835489183360271
-0.0028602178262637436
-0.00978050389221841
-0.009567475620382775
0.02352396019432032
0.005090749143130979
0.0036810032265716308
0.0007737938697559087
0.008806212825440727
-0.0018608646098583392
0.005789356564003722
-0.012048628433527227
-0.018802877758198236
-0.012111283807596532
0.024463790805359886
0.03528437390712875
0.0332167465628417
0.008414616737507574
-0.014338682355760302
-0.023251409317118846
0.012371303609984145
0.02495250272310046
0.023433109901919828
0.01633738878857111
-0.011271701795067852
-0.0274618504545761
-0.01947329026073979
-0.009545546239458517
0.027580895665307775
0.03590779487911833
0.0028884127445949308
-0.035932857028746046
-0.028495664126719618
-0.010369464408469871
0.019927541722742248
0.038692826256498905
0.028511327970236946
-0.014351213430574161
-0.025387957572882123
-0.01613375882284587
0.010920831700279748
0.03720162835364946
0.02347696866376834
0.005698506271603231
-0.027687409801225592
-0.030929825409312092
-0.0030857771729132393
0.03312589627044121
0.03794722730507418
0.013652606009701418
-0.02279089231770946
-0.04286880693821804
-0.03531883436286686
0.021553448679840697
0.042943993387101205
0.03985195067678103
0.01753723920199829
-0.014642560919996427
-0.016763445332242378
-0.013239080540844009
0.01203923012741683
0.026684923816116722
0.038692826256498905
0.026252601735038524
-0.011779210325029219
-0.018658770397838836
-0.0012593730187930175
0.0181575274052844
0.03255259959770707
0.020807849728415977
-0.017230227869058697
-0.021587909135578814
-0.016130626054142404
-0.006939082678175457
0.01821705001065024
0.012863148296428184
0.006503627828393792
-0.015576125993629062
-0.011719687719663379
-0.015992784231189935
-0.0012907007058276696
0.006892091147623479
-0.003480506029549857
-0.020666875136760042
-0.027828384392881527
-0.012972795201049466
-0.008737291913964492
0.003966085178586966
-0.013937687961716754
-0.00922913660040853
-0.030528831015268546
-0.0217602114142694
-0.022399296229776305
-0.023442508208030222
-0.008336297519920944
-0.014780402742948897
0.006613274733015075
-0.005895870699921539
0.004796268885005248
-0.01973017729442394
-0.022825352773447573
-0.024429330349621768
-0.018627442710804184
0.0027912969147875087
0.0017543504739405218
-0.01705166005296118
-0.026468762775577623
-0.03276562786954271
-0.027568364590493916
-0.010964690462128262
0.015522868925670154
0.0015037289776633044
-0.01794763190215223
-0.014977767171267205
-0.011566182053193583
0.01207995612056188
0.0322079950403259
0.025541463239351917
-0.0008646441621564001
-0.012521676507750474
-0.022446287760328285
-0.012643854487185618
-0.010322472877917892
0.02247448267865947
0.006741718249857148
-0.01238696745350147
-0.023589748337093087
-0.01876215176505319
0.0054948763058779914
0.001412878685262813
0.029874082356244315
0.009767972817404548
0.006397113692475974
-0.006497362290986861
-0.0034178506554805523
-0.004952907320178509
-0.010876972938431236
0.0062686701756339
0.0003821977818227565
-0.006619540270422004
-0.004924712401847322
-0.01667886057724882
-0.0009429633797430305
0.002365240371116239
0.021312225489673875
0.018561654568031414
0.014382541117608814
-0.0016603674128365653
-0.0011559916515786652
-0.016707055495580006
0.009169613995042692
0.021738282033345144
0.022674979875681244
-0.012433958984053448
-0.017430725066080472
0.003978616253400826
0.011321826094323296
0.036503020932776714
0.024495118492394535
0.01887179866967447
0.007891444364028883
0.0021428137931702087
0.01490884625979097
0.02879640992225228
0.024658022464974727
0.008646441621564001
-0.016603674128365654
-0.03215787074107046
-0.03291286799860558
0.020566626538249155
0.02065434406194618
0.038219778182275656
0.011754148175401496
-0.0055356022990230395
-0.0069234188346581306
-0.002850819520153348
0.04427542008607392
0.014304221900022184
0.023874830289108424
-0.028548921194678528
-0.019492086872960585
-0.002274390078715748
0.026014511313575166
0.0361709474502094
0.014677021375734544
-0.005382096632553244
-0.032909735229902114
-0.01591133224489984
0.023238878242304983
0.059284514944375775
0.061164176166454906
0.004486124783362191
-0.01782545392271709
-0.033586413269850596
0.018495866425258644
0.01857731841154874
0.03705438822458659
-0.005015562694247813
-0.005754896108265605
-0.024714412301637102
-0.012321179310728701
0.01577349042194737
0.021246437346901105
0.03778432333249399
0.002120884412245952
-0.0028539522888568133
-0.012935201976607883
0.009912080177763948
0.030998746320788327
0.04170341698052898
0.025519533858427663
0.008110738173271449
-0.008818743900254588
-0.012333710385542561
-0.011923317685388618
0.006469167372655674
0.00208329118780437
-0.005635850897533926
-0.0010745396652885697
0.011920184916685153
0.0056264525914235305
0.025723163824152902
0.01967692022646503
0.02116498536061101
0.00633445831840667
0.005288113571449287
0.027161104659043436
0.025334700504923216
0.018329829683974987
-0.017176970801099787
-0.03116165029336852
-0.019263394757607622
-0.012418295140536122
0.0264437006259499
0.01651908937337209
0.015171998830882048
-0.0026127290986899913
0.0036340116960196524
-0.007750469772372948
-0.0004793136116301783
0.02232410978089314
0.009069365396531805
0.016262202339687944
0.004379610647444374
-0.0022117347046464435
-0.016096165598404287
-0.0009492289171499609
0.007217899092783861
-0.01699840298500227
-0.015645046905105296
-0.012527942045157406
0.015222123130137492
-0.0007925904819767
0.004279362048933488
-0.011130727203411918
-0.006365786005441322
-0.008301837064182827
-0.00028821472071880003
0.004486124783362191
0.0010745396652885697
-0.01244649005886731
-0.026869757169621172
-0.029460556887386906
-0.01315449578585045
0.0037373930632340047
0.00027568364590493916
-0.008646441621564001
-0.01876215176505319
-0.0009398306110395653
0.012277320548880187
-0.0016071103448776565
0.0003571356321950348
-0.01352102972415588
-0.02151898822410258
-0.025159265457529164
-0.010986619843052518
-0.00027568364590493916
-0.016077368986183498
-0.0023715059085231698
-0.016929482073526035
-0.008514865336018461
-0.016819835168904753
0.011591244202821305
0.002951068118664235
-0.016816702400201288
-0.023198152249159935
-0.020541564388621432
-0.024310285138890088
-0.012462153902384636
-0.008001091268650166
-0.02805081097082756
-0.028962446663535937
-0.029422963662945324
0.011368817624875275
0.0012562402500895522
0.009733512361666431
-0.008912726961358544
-0.01731794539275572
-0.025378559266771728
-0.040158962009720627
0.0002098955031321696
0.0016290397258019132
0.007380803065364053
-0.0207514598917536
-0.022502677596990657
-0.03956373595606223
-0.0038783676548899393
0.027483779835500353
0.01540695648364194
-0.005134607904979492
-0.03788143916230141
-0.027574630127900845
-0.03316035672617933
0.0009179012301153088
0.01092709723768668
0.0008489803186390739
-0.0012687713249034131
-0.024454392499249487
-0.019191341077427922
0.007976029119022444
0.02892172067039089
0.040412716274701305
0.031778805727951165
-0.0036747376891647
-0.016190148659508245
-0.02892172067039089
0.017919436983821046
0.019739575600534336
0.02008418015791551
0.016111829441921615
-0.009476625327982283
0.0044673281711414
0.022314711474782745
0.04560058124763971
0.036443498327410874
0.044861247833621914
0.024711279532933637
0.028765082235217627
0.01576722488454044
0.022580996814577287
0.01721456402554137
0.022051558903691666
0.03269357418936301
0.01288507767735244
0.020538431619917967
0.018104270337325493
0.02434787836333167
0.025591587538607363
0.02237736684885205
0.02411918624797871
0.006115164509164104
0.012283586086287119
0.01179800693725001
0.022211330107568393
0.030497503328233894
0.029172342166668107
0.03082017850469081
0.025767022586001415
0.02407846025483366
0.003251813914196896
0.013214018391216288
-0.0008991046178945174
0.019272793063718017
0.01666632950243496
0.0330726392024823
0.0005388362169960174
-0.004551912926134961
-0.0018608646098583392
0.013301735914913314
0.025942457633395467
0.020187561525129863
0.006224811413785387
-0.019410634886670487
-0.006027446985467078
0.011516057753938139
0.020710733898608554
0.008323766445107083
0.0018358024602306176
-0.01080178648954807
-0.004461062633734469
-0.02072639774212588
-0.025466276790468752
-0.01755603581421908
-0.013132566404926192
-0.01346150711879004
-0.02770307364474292
-0.025121672233087578
-0.029896011737168573
-0.012283586086287119
-0.000604624359768787
-0.0006014915910653218
-0.014344947893167231
-0.04598277902946246
-0.035005557492520344
-0.0424396176258433
-0.016660063965028026
-0.041029871709283953
-0.027825251624178062
-0.05413737596458242
-0.05965104888268121
-0.05690361072974221
-0.0564180315807051
-0.030585220851930918
-0.04566950215911594
-0.03110839322540961
-0.0896253798374364
-0.053410573625378495
-0.07893950578991656
-0.04926592063069401
-0.06989833531171594
-0.07087889191590055
-0.08174333377951792
-0.09044303246904083
-0.05201022601492954
-0.051380539505533035
-0.04505547949323676
-0.054218827950872524
-0.06112971571071679
-0.07899902839528239
-0.08702518181356028
-0.06812518822555462
-0.058476260618881754
-0.059710571488047044
-0.07335377919163807
-0.06954433244822436
-0.07147411796955894
-0.0721257338598797
-0.051643692076624115
-0.03795349284248111
-0.029761302682919568
-0.06139600105051134
-0.06060341056853463
-0.08156476596342041
-0.07605109304532162
